
Loading the model ...
  input file   : model.pomdpx
  loading time : 0.84s 

SARSOP initializing ...
  initialization time : 0.17s

-------------------------------------------------------------------------------
 Time   |#Trial |#Backup |LBound    |UBound    |Precision  |#Alphas |#Beliefs  
-------------------------------------------------------------------------------
 0.168   0       0        -4.79701   -0.365309  4.4317      9        1        
 0.189   3       50       -2.32605   -0.6405    1.68555     49       18       
 0.212   6       100      -2.32605   -0.753151  1.5729      76       32       
 0.259   9       151      -2.32605   -0.843998  1.48206     105      47       
 0.33    12      203      -2.32605   -0.885896  1.44016     144      71       
 0.386   15      250      -2.27064   -0.973131  1.29751     176      84       
 0.451   18      300      -2.256     -1.01384   1.24215     206      96       
 0.517   21      350      -2.256     -1.02949   1.22651     242      112      
 0.578   24      400      -2.256     -1.04501   1.21099     274      124      
 0.646   27      450      -2.256     -1.07452   1.18148     303      140      
 0.746   31      500      -2.25344   -1.11868   1.13476     327      159      
 0.823   34      553      -2.25344   -1.13613   1.11731     366      172      
 0.906   37      603      -2.20212   -1.17191   1.03021     401      181      
 0.998   40      651      -2.20212   -1.18401   1.0181      427      194      
 1.164   43      709      -2.20212   -1.1987    1.00342     455      211      
 1.271   45      755      -2.16841   -1.20597   0.962439    494      219      
 1.402   47      800      -2.16841   -1.22385   0.944561    539      234      
 1.562   51      857      -2.16841   -1.23577   0.932642    577      246      
 1.704   54      900      -2.16841   -1.24533   0.923075    592      255      
 1.879   56      950      -2.16841   -1.25112   0.917292    617      269      
 2.112   59      1001     -2.16841   -1.26355   0.904855    642      281      
 2.3     62      1055     -2.16444   -1.2656    0.898832    673      291      
 2.422   65      1100     -2.16444   -1.26939   0.895045    718      299      
 2.626   68      1150     -2.16444   -1.28329   0.881146    736      312      
 2.868   71      1205     -2.16322   -1.29055   0.872663    762      324      
 2.99    74      1250     -2.16322   -1.29709   0.866123    807      330      
 3.226   77      1305     -2.15439   -1.30421   0.850176    838      340      
 3.508   80      1357     -2.15439   -1.31086   0.843525    851      355      
 3.719   82      1405     -2.14977   -1.31803   0.831744    899      363      
 4.025   84      1450     -2.14925   -1.32127   0.827973    922      373      
 4.295   87      1505     -2.14764   -1.32407   0.823569    977      383      
 4.505   90      1550     -2.14712   -1.32918   0.81794     1002     387      
 4.769   93      1607     -2.14684   -1.33329   0.813544    1059     398      
 5.066   95      1650     -2.14684   -1.33555   0.811289    1068     410      
 6.122   97      1700     -2.14684   -1.3373    0.80954     1047     421      
 6.471   100     1757     -2.13461   -1.33935   0.795259    1104     428      
 6.684   102     1800     -2.13397   -1.34298   0.790991    1147     436      
 7.037   105     1850     -2.13397   -1.3467    0.787271    1160     443      
 7.589   108     1907     -2.13397   -1.34885   0.785115    1217     457      
 8.188   110     1953     -2.12824   -1.35249   0.775746    1224     467      
 8.497   112     2001     -2.12812   -1.35564   0.772473    1272     476      
 8.732   114     2050     -2.05699   -1.36031   0.696683    1321     484      
 9.206   116     2100     -1.99688   -1.36087   0.636009    1336     490      
 9.609   118     2150     -1.99246   -1.36176   0.630701    1386     502      
 10.155  120     2200     -1.89202   -1.36195   0.530065    1420     510      
 10.556  123     2255     -1.89021   -1.36575   0.52446     1475     517      
 10.96   125     2300     -1.88795   -1.36589   0.522052    1520     527      
 11.609  127     2350     -1.87895   -1.36917   0.509783    1536     537      
 13.177  130     2401     -1.86642   -1.3736    0.492822    659      544      
 13.288  133     2450     -1.86642   -1.37632   0.490105    708      549      
 13.538  135     2501     -1.85596   -1.37817   0.477782    739      559      
 13.734  138     2551     -1.85554   -1.38211   0.473435    761      565      
 14.02   140     2600     -1.85554   -1.38265   0.472898    810      573      
 14.262  144     2650     -1.85426   -1.38304   0.471212    832      581      
 14.484  146     2707     -1.85401   -1.38879   0.46522     889      586      
 14.736  149     2753     -1.85187   -1.39234   0.459534    902      589      
 15.045  151     2800     -1.8518    -1.39377   0.458025    928      596      
 15.301  153     2850     -1.85006   -1.39493   0.455134    978      604      
 15.646  155     2900     -1.84892   -1.39565   0.453276    999      612      
 15.887  157     2950     -1.8485    -1.39656   0.451941    1049     618      
 16.365  160     3011     -1.8485    -1.39763   0.450871    1073     628      
 16.66   162     3050     -1.84776   -1.39842   0.449341    1112     636      
 17.082  164     3107     -1.84776   -1.39914   0.448623    1169     647      
 17.556  166     3150     -1.84776   -1.40143   0.446334    1162     656      
 17.936  168     3200     -1.84695   -1.40261   0.444342    1212     664      
 18.404  170     3250     -1.84675   -1.40487   0.441881    1229     672      
 18.759  172     3301     -1.84615   -1.40654   0.439617    1280     681      
 19.085  174     3350     -1.84615   -1.40905   0.437106    1329     688      
 19.676  176     3400     -1.84604   -1.4093    0.436736    1351     694      
 20.13   179     3450     -1.84582   -1.40983   0.435994    1401     704      
 20.378  181     3500     -1.84579   -1.41046   0.435337    1451     707      
 20.824  183     3550     -1.84517   -1.41098   0.434191    1471     714      
 21.28   185     3600     -1.84512   -1.4116    0.433516    1521     722      
 21.922  187     3650     -1.84492   -1.41274   0.432173    1531     728      
 22.47   189     3700     -1.84492   -1.41349   0.431425    1581     737      
 22.798  191     3750     -1.84467   -1.41401   0.430653    1631     740      
 23.171  194     3800     -1.84454   -1.41491   0.429635    1681     746      
 25.491  196     3850     -1.84454   -1.41668   0.427865    1214     754      
 25.961  199     3913     -1.84382   -1.41893   0.424885    1277     763      
 26.309  200     3950     -1.84382   -1.41895   0.424867    1314     769      
 27.124  203     4011     -1.84382   -1.42122   0.422596    1344     780      
 27.52   205     4061     -1.84245   -1.4219    0.420546    1394     785      
 28.035  207     4111     -1.8423    -1.42273   0.419571    1415     791      
 28.285  209     4157     -1.84227   -1.42303   0.419235    1461     795      
 28.706  211     4209     -1.816     -1.4242    0.3918      1513     801      
 29.289  213     4259     -1.816     -1.42848   0.387522    1520     808      
 29.643  215     4300     -1.816     -1.43473   0.381276    1561     816      
 30.123  219     4357     -1.816     -1.44472   0.371284    1618     824      
-------------------------------------------------------------------------------

SARSOP finishing ...
  Preset timeout reached
  Timeout     : 30.000000s
  Actual Time : 30.123000s

-------------------------------------------------------------------------------
 Time   |#Trial |#Backup |LBound    |UBound    |Precision  |#Alphas |#Beliefs  
-------------------------------------------------------------------------------
 30.276  219     4357     -1.816     -1.44472   0.371284    1570     824      
-------------------------------------------------------------------------------

Writing out policy ...
  output file : policy.out

Generating a pomdpx file: model.pomdpx
