
Loading the model ...
  input file   : model.pomdpx
  loading time : 0.74s 

SARSOP initializing ...
  initialization time : 0.16s

-------------------------------------------------------------------------------
 Time   |#Trial |#Backup |LBound    |UBound    |Precision  |#Alphas |#Beliefs  
-------------------------------------------------------------------------------
 0.156   0       0        -4.79701   -0.365309  4.4317      9        1        
 0.179   3       50       -2.32605   -0.6405    1.68555     49       18       
 0.203   6       100      -2.32605   -0.753151  1.5729      76       32       
 0.242   9       151      -2.32605   -0.843998  1.48206     105      47       
 0.299   12      203      -2.32605   -0.885896  1.44016     144      71       
 0.356   15      250      -2.27064   -0.973131  1.29751     176      84       
 0.446   18      300      -2.256     -1.01384   1.24215     206      96       
 0.509   21      350      -2.256     -1.02949   1.22651     242      112      
 0.572   24      400      -2.256     -1.04501   1.21099     274      124      
 0.641   27      450      -2.256     -1.07452   1.18148     303      140      
 0.747   31      500      -2.25344   -1.11868   1.13476     327      159      
 0.821   34      553      -2.25344   -1.13613   1.11731     366      172      
 0.897   37      603      -2.20212   -1.17191   1.03021     401      181      
 0.976   40      651      -2.20212   -1.18401   1.0181      427      194      
 1.137   43      709      -2.20212   -1.1987    1.00342     455      211      
 1.245   45      755      -2.16841   -1.20597   0.962439    494      219      
 1.371   47      800      -2.16841   -1.22385   0.944561    539      234      
 1.537   51      857      -2.16841   -1.23577   0.932642    577      246      
 1.692   54      900      -2.16841   -1.24533   0.923075    592      255      
 1.861   56      950      -2.16841   -1.25112   0.917292    617      269      
 2.046   59      1001     -2.16841   -1.26355   0.904855    642      281      
 2.196   62      1055     -2.16444   -1.2656    0.898832    673      291      
 2.306   65      1100     -2.16444   -1.26939   0.895045    718      299      
 2.511   68      1150     -2.16444   -1.28329   0.881146    736      312      
 2.736   71      1205     -2.16322   -1.29055   0.872663    762      324      
 2.854   74      1250     -2.16322   -1.29709   0.866123    807      330      
 3.118   77      1305     -2.15439   -1.30421   0.850176    838      340      
 3.387   80      1357     -2.15439   -1.31086   0.843525    851      355      
 3.593   82      1405     -2.14977   -1.31803   0.831744    899      363      
 3.831   84      1450     -2.14925   -1.32127   0.827973    922      373      
 4.056   87      1505     -2.14764   -1.32407   0.823569    977      383      
 4.252   90      1550     -2.14712   -1.32918   0.81794     1002     387      
 4.503   93      1607     -2.14684   -1.33329   0.813544    1059     398      
 4.762   95      1650     -2.14684   -1.33555   0.811289    1068     410      
 5.119   97      1700     -2.14684   -1.3373    0.80954     1118     421      
 6.152   100     1757     -2.13461   -1.33935   0.795259    1090     428      
 6.356   102     1800     -2.13397   -1.34298   0.790991    1133     436      
 6.635   105     1850     -2.13397   -1.3467    0.787271    1183     443      
 7.208   108     1907     -2.13397   -1.34885   0.785115    1198     457      
 7.568   110     1953     -2.12824   -1.35249   0.775746    1244     467      
 7.961   112     2001     -2.12812   -1.35564   0.772473    1256     476      
 8.179   114     2050     -2.05699   -1.36031   0.696683    1305     484      
 8.522   116     2100     -1.99688   -1.36087   0.636009    1355     490      
 9.069   118     2150     -1.99246   -1.36176   0.630701    1384     502      
 9.439   120     2200     -1.89202   -1.36195   0.530065    1434     510      
 9.936   123     2255     -1.89021   -1.36575   0.52446     1463     517      
 10.271  125     2300     -1.88795   -1.36589   0.522052    1508     527      
 10.747  127     2350     -1.87895   -1.36917   0.509783    1558     537      
 12.339  130     2401     -1.86642   -1.3736    0.492822    660      544      
 12.453  133     2450     -1.86642   -1.37632   0.490105    709      549      
 12.701  135     2501     -1.85596   -1.37817   0.477782    740      559      
 12.886  138     2551     -1.85554   -1.38211   0.473435    762      565      
 13.096  140     2600     -1.85554   -1.38265   0.472898    811      573      
 13.352  144     2650     -1.85426   -1.38304   0.471212    833      581      
 13.601  146     2707     -1.85401   -1.38879   0.46522     890      586      
 13.795  149     2753     -1.85187   -1.39234   0.459534    903      589      
 13.986  151     2800     -1.8518    -1.39377   0.458025    929      596      
 14.223  153     2850     -1.85006   -1.39493   0.455134    979      604      
 14.573  155     2900     -1.84892   -1.39565   0.453276    1000     612      
 14.806  157     2950     -1.8485    -1.39656   0.451941    1050     618      
 15.19   160     3011     -1.8485    -1.39763   0.450871    1074     628      
 15.455  162     3050     -1.84776   -1.39842   0.449341    1113     636      
 15.821  164     3107     -1.84776   -1.39914   0.448623    1170     647      
 16.146  166     3150     -1.84776   -1.40143   0.446334    1163     656      
 16.446  168     3200     -1.84695   -1.40261   0.444342    1213     664      
 16.887  170     3250     -1.84675   -1.40487   0.441881    1230     672      
 17.209  172     3301     -1.84615   -1.40654   0.439617    1281     681      
 17.539  174     3350     -1.84615   -1.40905   0.437106    1330     688      
 17.971  176     3400     -1.84604   -1.4093    0.436736    1352     694      
 18.356  179     3450     -1.84582   -1.40983   0.435994    1402     704      
 18.628  181     3500     -1.84579   -1.41046   0.435337    1452     707      
 19.061  183     3550     -1.84517   -1.41098   0.434191    1472     714      
 19.506  185     3600     -1.84512   -1.4116    0.433516    1522     722      
 20.08   187     3650     -1.84492   -1.41274   0.432173    1532     728      
 20.547  189     3700     -1.84492   -1.41349   0.431425    1582     737      
 20.856  191     3750     -1.84467   -1.41401   0.430653    1632     740      
 21.213  194     3800     -1.84454   -1.41491   0.429635    1682     746      
 21.877  196     3850     -1.84454   -1.41668   0.427865    1685     754      
 24.117  199     3913     -1.84382   -1.41893   0.424885    1225     763      
 24.461  200     3950     -1.84382   -1.41895   0.424867    1262     769      
 25.017  203     4011     -1.84382   -1.42122   0.422596    1323     780      
 25.451  205     4061     -1.84245   -1.4219    0.420546    1332     785      
 25.791  207     4111     -1.8423    -1.42273   0.419571    1382     791      
 26.032  209     4157     -1.84227   -1.42303   0.419235    1428     795      
 26.544  211     4209     -1.816     -1.4242    0.3918      1469     801      
 27.016  213     4259     -1.816     -1.42848   0.387522    1519     808      
 27.356  215     4300     -1.816     -1.43473   0.381276    1560     816      
 27.976  219     4357     -1.816     -1.44472   0.371284    1557     824      
 28.131  223     4403     -1.816     -1.4489    0.367106    1603     828      
 28.533  225     4450     -1.816     -1.45068   0.365318    1650     834      
 29.226  227     4500     -1.816     -1.45388   0.362124    1615     845      
 29.616  229     4550     -1.81096   -1.45508   0.355878    1665     852      
 29.988  231     4600     -1.80975   -1.45623   0.353512    1715     857      
 30.726  233     4650     -1.80942   -1.45667   0.352748    1729     864      
 31.126  235     4700     -1.80852   -1.45858   0.349945    1779     870      
 31.78   237     4750     -1.80744   -1.45892   0.348524    1829     878      
 32.631  240     4805     -1.80744   -1.4621    0.345343    1855     889      
 33.153  242     4857     -1.80721   -1.46229   0.344918    1907     897      
 33.847  244     4913     -1.80692   -1.46341   0.343505    1963     906      
 34.278  245     4950     -1.80692   -1.46359   0.343325    2000     913      
 35.203  247     5000     -1.80677   -1.46431   0.342463    2008     921      
 35.707  250     5050     -1.80677   -1.46614   0.340629    2058     926      
 36.268  252     5100     -1.80664   -1.4664    0.340244    2108     933      
 36.843  254     5150     -1.80628   -1.4668    0.339475    2158     940      
 37.723  256     5200     -1.80611   -1.46733   0.338783    2168     945      
 41.206  259     5250     -1.80611   -1.46777   0.338337    1554     953      
 41.841  261     5300     -1.80432   -1.46846   0.335862    1604     960      
 42.254  263     5353     -1.80432   -1.46972   0.334605    1657     967      
 42.741  265     5405     -1.80408   -1.46987   0.334213    1709     972      
 43.807  267     5461     -1.80408   -1.4704    0.333682    1713     984      
 44.274  269     5513     -1.80394   -1.47153   0.332411    1765     992      
 44.741  271     5559     -1.80394   -1.47284   0.331108    1811     1001     
 45.375  272     5600     -1.80387   -1.47291   0.330966    1816     1007     
 45.726  274     5650     -1.80378   -1.47306   0.330719    1866     1010     
 46.26   276     5700     -1.80372   -1.47336   0.330362    1916     1016     
 46.634  278     5750     -1.80372   -1.47365   0.330064    1966     1020     
 47.457  280     5800     -1.80357   -1.4744    0.329164    1988     1026     
 48.316  283     5861     -1.80357   -1.47465   0.328917    2049     1036     
 48.866  284     5900     -1.80357   -1.47469   0.328871    2088     1041     
 49.756  286     5950     -1.80309   -1.47576   0.327331    2062     1048     
 50.445  289     6011     -1.80299   -1.47579   0.327201    2123     1055     
 50.905  291     6050     -1.80298   -1.47598   0.326999    2162     1061     
 51.506  293     6111     -1.80298   -1.47623   0.326746    2223     1064     
 52.112  294     6150     -1.80297   -1.47639   0.326573    2262     1073     
 53.124  297     6200     -1.80259   -1.47732   0.325276    2253     1079     
 54.041  299     6250     -1.80234   -1.47761   0.324732    2303     1087     
 54.761  301     6303     -1.80224   -1.47788   0.324363    2356     1093     
 55.509  303     6355     -1.80217   -1.47858   0.32359     2408     1099     
 56.456  305     6409     -1.80217   -1.47864   0.323523    2410     1104     
 57.156  307     6461     -1.80213   -1.47907   0.323062    2462     1108     
 57.711  308     6500     -1.80213   -1.47907   0.32306     2501     1115     
 58.429  310     6550     -1.80199   -1.47929   0.322703    2551     1118     
 59.041  312     6600     -1.80186   -1.47936   0.322504    2601     1123     
 60.333  315     6653     -1.80186   -1.47977   0.322089    2577     1129     
 61.166  317     6707     -1.80183   -1.48025   0.321585    2631     1135     
 61.913  319     6750     -1.80183   -1.48033   0.321506    2674     1142     
 62.976  321     6803     -1.80166   -1.48058   0.321078    2727     1150     
 63.799  323     6859     -1.80165   -1.4807    0.320951    2783     1159     
 65.091  325     6909     -1.80159   -1.48093   0.320665    2784     1164     
 65.9    327     6961     -1.80159   -1.48102   0.320567    2836     1170     
 71.576  329     7000     -1.80159   -1.48107   0.320518    2506     1175     
 72.291  330     7050     -1.80157   -1.48119   0.320385    2556     1179     
 72.911  332     7100     -1.80157   -1.48123   0.320342    2606     1183     
 73.867  334     7150     -1.80148   -1.48159   0.319892    2656     1190     
 74.776  336     7200     -1.80147   -1.4817    0.319774    2706     1196     
 75.951  338     7253     -1.7731    -1.48176   0.29134     2684     1201     
 76.946  340     7307     -1.77235   -1.48219   0.290158    2738     1208     
 77.397  342     7350     -1.77021   -1.48224   0.287971    2781     1211     
 78.592  344     7400     -1.76979   -1.48234   0.287445    2831     1219     
 80.338  346     7455     -1.76979   -1.48297   0.286818    2886     1236     
 81.491  348     7509     -1.76974   -1.48302   0.286724    2940     1242     
 82.976  350     7563     -1.76933   -1.48354   0.285795    2923     1250     
 83.487  351     7600     -1.76875   -1.48354   0.285207    2960     1254     
 84.606  353     7650     -1.76818   -1.48386   0.284319    3010     1261     
 85.404  355     7701     -1.76737   -1.48452   0.282852    3061     1265     
 86.241  357     7750     -1.76737   -1.48473   0.282635    3110     1270     
 87.157  359     7800     -1.76721   -1.48476   0.282443    3160     1274     
 88.632  361     7850     -1.76721   -1.48483   0.282375    3133     1279     
 89.486  363     7900     -1.76721   -1.4849    0.282308    3183     1282     
 90.297  365     7950     -1.76679   -1.48506   0.281727    3233     1287     
 91.047  367     8000     -1.76618   -1.48528   0.280898    3283     1292     
 92.015  369     8050     -1.7655    -1.48569   0.279812    3333     1296     
 92.966  371     8101     -1.76537   -1.48586   0.279512    3384     1303     
 94.751  373     8153     -1.76507   -1.48609   0.278978    3326     1308     
 95.399  375     8200     -1.76507   -1.48624   0.278827    3373     1311     
 96.023  377     8250     -1.76505   -1.48628   0.278771    3423     1314     
 97.311  379     8303     -1.76404   -1.48659   0.277455    3476     1320     
 98.217  381     8357     -1.76387   -1.48667   0.277203    3530     1325     
 99.351  382     8400     -1.76387   -1.48677   0.277097    3573     1334     
 100.404 384     8450     -1.76366   -1.48689   0.276772    3623     1336     
 102.001 386     8500     -1.76365   -1.48691   0.276743    3576     1340     
 103.158 388     8550     -1.76326   -1.48769   0.275578    3626     1348     
 104.18  390     8600     -1.76312   -1.48793   0.275195    3676     1352     
 105.663 392     8655     -1.76307   -1.48826   0.274815    3731     1364     
 107.396 394     8705     -1.76307   -1.48887   0.274202    3781     1372     
 108.765 396     8759     -1.76307   -1.48926   0.27381     3835     1381     
 109.57  398     8807     -1.76295   -1.4894    0.273555    3883     1384     
 111.884 400     8857     -1.76288   -1.48969   0.273193    3825     1390     
 112.85  402     8900     -1.76288   -1.49008   0.272798    3868     1397     
 113.834 404     8950     -1.76262   -1.49016   0.272461    3918     1403     
 114.906 406     9000     -1.76261   -1.49027   0.272344    3968     1407     
 115.867 408     9050     -1.76257   -1.49047   0.272102    4018     1411     
 116.647 410     9100     -1.76255   -1.49064   0.271904    4068     1414     
 127.376 412     9150     -1.76254   -1.49072   0.271816    3479     1419     
 128.612 414     9203     -1.76247   -1.49078   0.27169     3532     1427     
 129.486 416     9250     -1.76247   -1.49147   0.270997    3579     1432     
 130.687 418     9300     -1.76241   -1.4915    0.270906    3629     1438     
 131.564 420     9350     -1.76241   -1.49158   0.270832    3679     1442     
 132.412 422     9403     -1.76241   -1.49499   0.267419    3732     1445     
 134.377 425     9465     -1.76241   -1.49833   0.264078    3794     1457     
 136.601 427     9507     -1.76241   -1.50233   0.26008     3706     1466     
 138.379 429     9551     -1.76241   -1.50515   0.257264    3750     1479     
 139.446 432     9600     -1.76241   -1.50682   0.25559     3799     1485     
 140.608 435     9650     -1.76241   -1.50917   0.253242    3849     1492     
 141.764 437     9711     -1.76233   -1.51004   0.252297    3910     1499     
 143.017 438     9750     -1.76232   -1.51024   0.252076    3949     1507     
 144.507 440     9800     -1.76232   -1.51075   0.251569    3999     1513     
 145.866 442     9850     -1.76198   -1.51115   0.250835    4049     1521     
 148.516 445     9909     -1.76196   -1.51213   0.249838    3971     1527     
 149.373 446     9950     -1.76189   -1.51264   0.249251    4012     1533     
 150.2   448     10000    -1.76189   -1.51272   0.249163    4062     1536     
 151.496 450     10050    -1.76189   -1.51298   0.248908    4112     1541     
 152.709 452     10100    -1.76189   -1.51312   0.248765    4162     1547     
 154.027 454     10150    -1.76178   -1.51367   0.248118    4212     1556     
 155.47  457     10203    -1.76178   -1.51394   0.24784     4265     1562     
 156.541 459     10257    -1.76175   -1.51421   0.24754     4319     1567     
 158.866 461     10300    -1.76172   -1.51423   0.247496    4195     1574     
 160.187 462     10350    -1.76138   -1.51428   0.247095    4245     1581     
 161.546 464     10400    -1.76138   -1.51461   0.246772    4295     1585     
 163.723 466     10459    -1.76138   -1.51506   0.246323    4354     1599     
 164.99  468     10500    -1.76138   -1.51508   0.246303    4395     1606     
 166.717 470     10559    -1.76138   -1.51539   0.24599     4454     1611     
 168.141 472     10611    -1.76138   -1.51555   0.245823    4506     1618     
 169.07  473     10650    -1.76135   -1.51562   0.245729    4545     1622     
 172.091 476     10705    -1.76116   -1.51615   0.245002    4490     1627     
 173.391 478     10763    -1.76112   -1.51623   0.244893    4548     1633     
 174.186 479     10800    -1.76112   -1.5163    0.244817    4585     1636     
 175.572 481     10850    -1.76111   -1.51649   0.24462     4635     1643     
 177.696 483     10900    -1.76111   -1.51677   0.244343    4685     1652     
 178.787 485     10951    -1.76111   -1.51711   0.244004    4736     1656     
 180.097 487     11005    -1.76111   -1.51715   0.24396     4790     1662     
 181.773 489     11057    -1.7611    -1.51741   0.243693    4842     1668     
 183.09  491     11111    -1.7611    -1.51746   0.24364     4896     1673     
 184.037 492     11150    -1.7611    -1.51749   0.243608    4935     1678     
 186.89  494     11200    -1.76106   -1.51779   0.243264    4832     1682     
 188.637 496     11250    -1.76102   -1.51835   0.242671    4882     1688     
 189.52  498     11300    -1.76101   -1.51838   0.242628    4932     1690     
 190.998 500     11351    -1.76097   -1.51844   0.242537    4983     1697     
 192.647 502     11403    -1.76097   -1.51852   0.242445    5035     1701     
 194.007 504     11459    -1.76097   -1.51855   0.242414    5091     1707     
 195.064 506     11500    -1.76097   -1.51856   0.242402    5132     1711     
 196.038 507     11550    -1.76097   -1.51866   0.242311    5182     1713     
 197.541 509     11600    -1.76097   -1.51871   0.242257    5232     1717     
 200.803 511     11650    -1.76097   -1.51886   0.242107    5099     1723     
 202.517 513     11700    -1.76095   -1.51908   0.241876    5149     1732     
 204.438 515     11757    -1.7609    -1.51926   0.241639    5206     1739     
 205.585 517     11811    -1.76088   -1.51934   0.241544    5260     1742     
 206.422 518     11850    -1.76088   -1.51935   0.241527    5299     1745     
 207.972 520     11900    -1.76051   -1.51966   0.24085     5349     1750     
 209.937 522     11950    -1.76051   -1.51977   0.24074     5399     1757     
 211.167 524     12000    -1.76051   -1.51985   0.24066     5449     1760     
 228.887 526     12050    -1.7605    -1.51989   0.240612    5197     1764     
 231.221 528     12103    -1.76036   -1.52092   0.239439    5250     1775     
 233.552 530     12165    -1.76036   -1.52135   0.239007    5312     1785     
 234.209 531     12200    -1.76036   -1.52139   0.238972    5347     1787     
 235.692 533     12250    -1.76036   -1.52144   0.238922    5397     1796     
 237.152 535     12300    -1.76021   -1.52154   0.238665    5447     1798     
 238.661 538     12359    -1.76021   -1.52197   0.238236    5506     1803     
 239.884 540     12411    -1.7602    -1.52204   0.238166    5558     1806     
 241.211 541     12450    -1.7602    -1.52211   0.238089    5597     1813     
 243.103 543     12500    -1.7602    -1.52227   0.237927    5647     1819     
 244.27  545     12550    -1.76018   -1.52239   0.237793    5697     1823     
 248.002 547     12600    -1.76007   -1.52272   0.237356    5574     1830     
 249.106 549     12651    -1.76007   -1.52274   0.237335    5625     1833     
 250.91  551     12705    -1.76007   -1.52278   0.237288    5679     1837     
 252.281 553     12761    -1.76006   -1.52282   0.237234    5735     1841     
 253.553 554     12800    -1.76004   -1.52284   0.237209    5774     1847     
 255.712 556     12850    -1.76002   -1.52317   0.236857    5824     1852     
 256.993 559     12900    -1.75998   -1.52351   0.23647     5874     1855     
 260.042 561     12955    -1.75998   -1.52391   0.23607     5929     1864     
 261.641 563     13007    -1.75998   -1.52402   0.235962    5981     1870     
 263.706 564     13050    -1.75998   -1.52407   0.235914    6024     1879     
 264.817 566     13100    -1.75998   -1.52463   0.235354    6074     1883     
 269.226 569     13150    -1.75998   -1.52581   0.23417     5894     1890     
 271.579 572     13211    -1.75998   -1.52883   0.231156    5955     1900     
 274.01  574     13250    -1.75998   -1.52912   0.230864    5994     1909     
 275.369 576     13300    -1.75998   -1.52957   0.230416    6044     1912     
 276.93  578     13350    -1.75994   -1.52996   0.229981    6094     1916     
 278.922 580     13401    -1.75992   -1.52997   0.229954    6145     1922     
 280.937 582     13451    -1.75992   -1.53      0.229921    6195     1926     
 282.15  584     13500    -1.75992   -1.53025   0.229672    6244     1928     
 284.542 586     13553    -1.75982   -1.53069   0.22913     6297     1936     
 285.768 588     13600    -1.75982   -1.53076   0.229055    6344     1942     
 288.012 590     13650    -1.75982   -1.53099   0.228825    6394     1948     
 290.352 592     13703    -1.75981   -1.5311    0.22871     6447     1956     
 294.686 594     13750    -1.75978   -1.53111   0.228669    6266     1960     
 296.495 596     13803    -1.75972   -1.53123   0.228497    6319     1966     
 299.129 598     13859    -1.75972   -1.5313    0.228421    6375     1974     
 301.586 600     13900    -1.75972   -1.53139   0.228332    6416     1983     
 303.19  601     13950    -1.75972   -1.53154   0.228182    6466     1987     
 305.142 603     14000    -1.75972   -1.53159   0.228127    6516     1993     
 307.613 605     14051    -1.75971   -1.53167   0.228039    6567     1998     
 308.906 607     14100    -1.7597    -1.53176   0.227937    6616     2001     
 311.37  609     14155    -1.75963   -1.53179   0.227835    6671     2008     
 313.568 611     14213    -1.75962   -1.53183   0.227798    6729     2015     
 315.367 612     14250    -1.75962   -1.53188   0.227739    6766     2020     
 317.106 614     14300    -1.75956   -1.53217   0.227386    6816     2024     
 322.868 616     14355    -1.75955   -1.53239   0.227159    6689     2031     
 324.384 618     14400    -1.75955   -1.53241   0.227143    6734     2037     
 326.697 620     14457    -1.75954   -1.53242   0.227128    6791     2042     
 328.691 622     14513    -1.75954   -1.53244   0.227107    6847     2047     
 329.676 623     14550    -1.75954   -1.53245   0.227092    6884     2049     
 331.371 625     14600    -1.75954   -1.53249   0.227052    6934     2054     
 333.516 627     14653    -1.75954   -1.53267   0.22687     6987     2062     
 335.636 629     14707    -1.75954   -1.53276   0.226775    7041     2066     
 336.737 630     14750    -1.75728   -1.53299   0.224287    7084     2069     
 338.812 633     14800    -1.75728   -1.53637   0.220911    7134     2081     
 340.107 637     14850    -1.75728   -1.54504   0.212232    7184     2082     
 342.192 640     14900    -1.75728   -1.54691   0.210369    7234     2087     
 344.665 643     14955    -1.75728   -1.54919   0.208086    7289     2094     
 346.621 645     15001    -1.75728   -1.54948   0.207798    7335     2100     
 351.417 647     15050    -1.75719   -1.54983   0.207361    7144     2104     
 353.297 650     15100    -1.75712   -1.55024   0.206874    7194     2109     
 356.237 652     15150    -1.75701   -1.55058   0.206427    7244     2121     
 359.286 655     15209    -1.75696   -1.5512    0.205754    7303     2131     
 361.307 656     15250    -1.75696   -1.5514    0.205559    7344     2137     
 363.382 658     15300    -1.75691   -1.55145   0.205465    7394     2142     
 365.937 660     15353    -1.75691   -1.55153   0.20538     7447     2147     
 367.722 662     15403    -1.75679   -1.55221   0.204584    7497     2152     
 370.522 664     15459    -1.75679   -1.55226   0.204533    7553     2161     
 372.071 665     15500    -1.75679   -1.5523    0.204498    7594     2167     
 375.067 667     15550    -1.75667   -1.55312   0.203549    7644     2174     
 408.647 669     15607    -1.75667   -1.55327   0.203401    7319     2184     
 411.022 671     15661    -1.75664   -1.55352   0.203115    7373     2191     
 412.313 673     15705    -1.75664   -1.55383   0.20281     7417     2195     
 414.267 675     15763    -1.75664   -1.55383   0.202804    7475     2200     
 416.492 676     15800    -1.75664   -1.55384   0.202794    7512     2205     
 418.859 678     15850    -1.75655   -1.55413   0.202426    7562     2213     
 422.258 680     15911    -1.75655   -1.55417   0.202379    7623     2226     
 424.03  682     15959    -1.75651   -1.55481   0.201692    7671     2230     
 426.572 683     16000    -1.75646   -1.5551    0.201358    7712     2236     
 429.332 685     16050    -1.75646   -1.55515   0.201308    7762     2242     
 432.819 687     16107    -1.75646   -1.55537   0.20109     7819     2255     
 434.564 689     16150    -1.75646   -1.55551   0.200955    7862     2260     
 436.931 691     16203    -1.75644   -1.55585   0.200584    7915     2267     
 439.672 693     16253    -1.7564    -1.55593   0.200479    7965     2272     
 441.598 695     16300    -1.7564    -1.55668   0.199721    8012     2275     
 448.588 697     16357    -1.75631   -1.55743   0.198882    7772     2284     
 450.236 698     16400    -1.75631   -1.55744   0.198873    7815     2289     
 451.778 700     16450    -1.7563    -1.55757   0.198734    7865     2291     
 453.85  702     16500    -1.7563    -1.55758   0.198726    7915     2293     
 456.305 704     16553    -1.75626   -1.55761   0.198644    7968     2300     
 458.267 706     16609    -1.75625   -1.55762   0.19863     8024     2306     
 459.982 708     16650    -1.75625   -1.55766   0.198591    8065     2312     
 462.19  709     16700    -1.75625   -1.55771   0.198539    8115     2314     
 464.302 711     16750    -1.75624   -1.55791   0.198328    8165     2319     
 466.852 713     16800    -1.75624   -1.55845   0.197787    8215     2326     
 468.724 715     16853    -1.75624   -1.55846   0.197772    8268     2330     
 470.279 717     16901    -1.75624   -1.55856   0.197675    8316     2333     
 472.845 719     16955    -1.75623   -1.55862   0.19761     8370     2337     
 475.238 721     17011    -1.75623   -1.55876   0.197475    8426     2343     
 476.823 722     17050    -1.75623   -1.5588    0.197433    8465     2346     
 479.409 724     17100    -1.75623   -1.55888   0.197349    8515     2354     
 485.759 726     17150    -1.75623   -1.55894   0.197288    8115     2360     
 488.588 728     17200    -1.75617   -1.55905   0.197118    8165     2365     
 490.098 730     17250    -1.75617   -1.55905   0.197114    8215     2367     
 491.912 732     17300    -1.75617   -1.55906   0.197105    8265     2372     
 494.523 734     17355    -1.75617   -1.5591    0.197069    8320     2379     
 497.128 736     17409    -1.75616   -1.55914   0.197025    8374     2382     
 498.823 737     17450    -1.75616   -1.55921   0.196956    8415     2387     
 501.075 739     17500    -1.75616   -1.55923   0.196936    8465     2392     
 504.135 741     17555    -1.75616   -1.55927   0.196889    8520     2403     
 506.481 743     17611    -1.75616   -1.55935   0.196808    8576     2409     
 508.704 744     17650    -1.75616   -1.55941   0.196752    8615     2411     
 512.126 746     17700    -1.75604   -1.55952   0.196523    8665     2418     
 514.995 748     17751    -1.75604   -1.56      0.196041    8716     2426     
 517.731 750     17809    -1.75601   -1.56012   0.195888    8774     2434     
 519.792 752     17857    -1.75601   -1.56023   0.195781    8822     2438     
 522.598 754     17900    -1.75601   -1.56023   0.195779    8865     2443     
 529.697 755     17950    -1.75595   -1.56036   0.195591    8558     2450     
 531.996 757     18000    -1.75594   -1.5604    0.195538    8608     2455     
 533.799 759     18051    -1.75594   -1.56045   0.195492    8659     2458     
 536.213 761     18105    -1.75594   -1.5606    0.195336    8713     2463     
 539.633 763     18163    -1.75594   -1.5606    0.19533     8771     2468     
 541.513 764     18200    -1.75594   -1.56061   0.19533     8808     2472     
 544.015 766     18250    -1.75594   -1.56063   0.195301    8858     2478     
 546.776 768     18300    -1.75592   -1.56119   0.19473     8908     2485     
 548.799 770     18350    -1.75592   -1.56163   0.19429     8958     2489     
 551.666 772     18403    -1.75592   -1.56164   0.19428     9011     2493     
 553.536 774     18459    -1.75592   -1.56166   0.194264    9067     2495     
 555.288 775     18500    -1.75592   -1.56166   0.194262    9108     2502     
 557.241 777     18550    -1.75582   -1.56187   0.193945    9158     2505     
 559.898 779     18601    -1.75581   -1.56201   0.193806    9209     2512     
 563.196 781     18655    -1.75579   -1.56214   0.193649    9263     2516     
 565.669 783     18711    -1.75579   -1.56227   0.193514    9319     2520     
 567.218 784     18750    -1.75579   -1.5623    0.193485    9358     2523     
 574.835 786     18800    -1.75579   -1.56232   0.193466    9034     2528     
 577.203 788     18853    -1.75579   -1.56233   0.193454    9087     2534     
 579.184 790     18905    -1.75579   -1.56234   0.193446    9139     2536     
 582.913 792     18963    -1.75579   -1.56236   0.193423    9197     2544     
 584.206 793     19000    -1.75579   -1.56236   0.193423    9234     2546     
 586.159 795     19050    -1.75578   -1.56237   0.193415    9284     2548     
 588.475 797     19100    -1.75576   -1.56249   0.193267    9334     2553     
 590.849 799     19153    -1.75575   -1.56251   0.193241    9387     2560     
 594.387 801     19213    -1.75575   -1.56252   0.193232    9447     2565     
 596.047 802     19250    -1.75575   -1.56253   0.193224    9484     2570     
 598.088 804     19300    -1.75575   -1.5626    0.193151    9534     2573     
 601.094 806     19355    -1.75575   -1.56261   0.193141    9589     2581     
 603.33  808     19409    -1.75575   -1.56263   0.193118    9643     2584     
 606.561 810     19453    -1.75571   -1.56284   0.192876    9687     2589     
 609.767 812     19515    -1.7557    -1.56288   0.192824    9749     2595     
 611.456 813     19550    -1.7557    -1.56288   0.192819    9784     2599     
 613.414 815     19600    -1.7557    -1.56291   0.192789    9834     2601     
 616.339 817     19650    -1.75566   -1.56314   0.192522    9884     2609     
 626.919 819     19700    -1.75566   -1.56401   0.191647    9584     2621     
 629.019 821     19750    -1.75566   -1.56412   0.191537    9634     2622     
 630.739 823     19800    -1.75566   -1.56414   0.19152     9684     2624     
 632.739 825     19850    -1.75566   -1.56422   0.191436    9734     2628     
 635.336 827     19903    -1.75566   -1.56424   0.19142     9787     2633     
 637.591 829     19957    -1.75566   -1.56424   0.191415    9841     2637     
 640.725 831     20000    -1.75566   -1.56427   0.191392    9884     2642     
 642.517 832     20050    -1.75566   -1.5644    0.191264    9934     2645     
 644.746 834     20100    -1.75565   -1.56452   0.191131    9984     2649     
 648.055 836     20150    -1.75565   -1.56454   0.191103    10034    2657     
 650.421 838     20201    -1.75561   -1.56458   0.191027    10085    2662     
 653.931 840     20259    -1.75561   -1.56459   0.191015    10143    2666     
 656.132 842     20300    -1.75561   -1.56462   0.190983    10184    2672     
 658.425 843     20350    -1.7556    -1.56486   0.190744    10234    2675     
 661.376 845     20403    -1.7556    -1.56494   0.190664    10287    2680     
 663.05  847     20450    -1.7556    -1.56495   0.19065     10334    2681     
 667.002 849     20501    -1.7556    -1.56496   0.19064     10385    2686     
 669.116 851     20555    -1.7556    -1.56497   0.190632    10439    2689     
 671.787 853     20611    -1.75559   -1.565     0.190591    10495    2693     
 731.701 854     20650    -1.75559   -1.56502   0.190577    10000    2696     
 733.973 856     20700    -1.75559   -1.56507   0.190519    10050    2700     
 736.758 858     20755    -1.75559   -1.5651    0.190492    10105    2706     
 740.462 860     20813    -1.75559   -1.56517   0.190415    10163    2711     
 742.247 861     20850    -1.75555   -1.56551   0.190035    10200    2714     
 745.461 863     20901    -1.75555   -1.56553   0.190016    10251    2721     
 748.756 865     20959    -1.75555   -1.56557   0.189978    10309    2728     
 750.667 867     21000    -1.75555   -1.56558   0.189969    10350    2732     
 752.443 868     21050    -1.75555   -1.56561   0.18994     10400    2735     
 756.94  870     21103    -1.75552   -1.56575   0.189771    10453    2743     
 759.201 873     21159    -1.75551   -1.56601   0.1895      10509    2747     
 761.307 875     21207    -1.75551   -1.56603   0.189478    10557    2750     
 763.444 877     21250    -1.75551   -1.56607   0.189438    10600    2753     
 765.539 878     21300    -1.75542   -1.56611   0.189305    10650    2754     
 768.994 880     21350    -1.75542   -1.56611   0.189302    10700    2758     
 772.6   882     21407    -1.75542   -1.56613   0.189284    10757    2765     
 775.286 883     21450    -1.75542   -1.56615   0.189266    10800    2772     
 777.957 885     21500    -1.75541   -1.56625   0.18916     10850    2777     
 781.324 887     21551    -1.75537   -1.56635   0.189024    10901    2782     
 785.428 889     21607    -1.75537   -1.56638   0.188994    10957    2790     
 797.135 891     21651    -1.75535   -1.56652   0.188838    10649    2797     
 799.536 893     21711    -1.75535   -1.56685   0.188498    10709    2800     
 802.383 894     21750    -1.75535   -1.56702   0.188332    10748    2807     
 807.206 897     21809    -1.75535   -1.56845   0.186898    10807    2817     
 809.547 900     21851    -1.75535   -1.56937   0.185985    10849    2824     
 812.139 902     21903    -1.75535   -1.56963   0.18572     10901    2829     
 815.777 904     21955    -1.75534   -1.56978   0.185562    10953    2833     
 818.361 906     22011    -1.75534   -1.56987   0.185475    11009    2837     
 820.565 908     22061    -1.75534   -1.56989   0.185455    11059    2840     
 822.631 909     22100    -1.75534   -1.57      0.185344    11098    2845     
 825.283 911     22150    -1.75531   -1.57018   0.185131    11148    2848     
 828.254 913     22200    -1.75531   -1.5702    0.185115    11198    2854     
 832.647 915     22257    -1.75528   -1.57021   0.185076    11255    2859     
 835.113 917     22311    -1.75528   -1.57027   0.185008    11309    2861     
 836.903 918     22350    -1.75528   -1.57028   0.185003    11348    2863     
 839.008 920     22400    -1.75528   -1.57028   0.185001    11398    2864     
 842.899 922     22450    -1.75524   -1.5703    0.184935    11448    2871     
 848.443 924     22505    -1.75524   -1.57067   0.184567    11503    2884     
 853.411 926     22563    -1.75523   -1.57086   0.184377    11561    2890     
 856.584 927     22600    -1.75523   -1.57104   0.184196    11598    2899     
 859.856 929     22650    -1.75523   -1.57106   0.184174    11648    2903     
 862.556 931     22705    -1.75523   -1.57107   0.184165    11703    2907     
 874.068 933     22763    -1.75523   -1.57109   0.184145    11366    2912     
 875.953 934     22800    -1.75523   -1.57109   0.18414     11403    2915     
 879.849 936     22851    -1.75523   -1.57113   0.184093    11454    2919     
 883.052 938     22907    -1.75521   -1.57132   0.183892    11510    2923     
 885.189 939     22950    -1.75521   -1.57132   0.183889    11553    2927     
 887.939 941     23000    -1.75521   -1.57135   0.183858    11603    2931     
 891.597 943     23055    -1.75521   -1.57135   0.183853    11658    2938     
 894.595 945     23111    -1.75521   -1.57137   0.183838    11714    2942     
 897.587 946     23150    -1.75521   -1.57145   0.183761    11753    2943     
 900.005 948     23200    -1.75521   -1.57153   0.18368     11803    2947     
 903.201 950     23255    -1.75521   -1.57153   0.183676    11858    2953     
 906.287 952     23313    -1.75521   -1.57155   0.183651    11916    2958     
 908.407 953     23350    -1.75521   -1.57156   0.183647    11953    2961     
 911.347 955     23400    -1.7552    -1.5726    0.182601    12003    2966     
 916.245 958     23463    -1.7552    -1.57277   0.182439    12066    2973     
 918.31  959     23500    -1.7552    -1.57277   0.182438    12103    2977     
 920.472 961     23550    -1.7552    -1.57277   0.182434    12153    2978     
 922.5   963     23600    -1.7552    -1.57278   0.182423    12203    2979     
 925.438 965     23655    -1.7552    -1.57281   0.182395    12258    2983     
 929.161 967     23715    -1.7552    -1.57283   0.182369    12318    2990     
 932.498 968     23750    -1.7552    -1.57284   0.18236     12353    2994     
 935.827 970     23800    -1.7552    -1.57288   0.182318    12403    2999     
 948.22  972     23853    -1.7552    -1.5729    0.182301    11994    3004     
 951.593 974     23913    -1.75439   -1.5737    0.180688    12054    3008     
 954.289 976     23951    -1.75439   -1.57393   0.180456    12092    3011     
 960.178 978     24007    -1.75439   -1.57478   0.179611    12148    3021     
 966.089 980     24059    -1.75439   -1.57603   0.17836     12200    3034     
 968.825 981     24100    -1.75439   -1.57623   0.17816     12241    3039     
 972.967 983     24150    -1.75433   -1.57637   0.177965    12291    3046     
 975.847 986     24207    -1.7543    -1.57648   0.177827    12348    3051     
 979.738 987     24250    -1.7543    -1.57649   0.177817    12391    3062     
 983.326 989     24300    -1.75429   -1.57677   0.177512    12441    3066     
 988.666 991     24357    -1.75425   -1.57679   0.177468    12498    3073     
 992.546 993     24413    -1.75425   -1.5769    0.177358    12554    3080     
 994.707 994     24450    -1.75424   -1.57706   0.177182    12591    3083     
 999.826 996     24503    -1.75424   -1.57707   0.177165    12644    3096     
 1004.14 998     24561    -1.75423   -1.57713   0.177098    12702    3105     
 1006.31 999     24600    -1.75423   -1.57714   0.177091    12741    3110     
 1010.27 1002    24661    -1.75421   -1.57738   0.176829    12802    3116     
 1013.75 1003    24700    -1.75421   -1.57739   0.176826    12841    3119     
 1017.06 1005    24750    -1.75421   -1.57744   0.176774    12891    3124     
 1020.83 1007    24800    -1.7542    -1.57795   0.176248    12941    3130     
 1025.68 1009    24851    -1.7542    -1.57808   0.176117    12992    3138     
 1028.43 1011    24905    -1.7542    -1.57809   0.176102    13046    3142     
 1031.54 1013    24963    -1.75419   -1.5781    0.176085    13104    3147     
 1035.01 1015    25009    -1.75419   -1.57812   0.176068    13150    3148     
 1038.22 1016    25050    -1.75418   -1.57822   0.175968    13191    3154     
 1052.1  1018    25100    -1.75417   -1.57839   0.175785    12894    3158     
 1057.15 1020    25155    -1.75417   -1.57844   0.175732    12949    3168     
 1061.36 1022    25215    -1.75416   -1.57859   0.175575    13009    3174     
 1063.24 1023    25250    -1.75416   -1.57859   0.175575    13044    3177     
 1067.01 1025    25303    -1.75415   -1.57909   0.175053    13097    3183     
 1074.61 1027    25365    -1.75414   -1.57921   0.174934    13159    3195     
 1076.36 1028    25400    -1.75414   -1.57922   0.174923    13194    3197     
 1080.71 1030    25457    -1.75414   -1.57922   0.174913    13251    3205     
 1083.69 1032    25511    -1.75414   -1.57924   0.174899    13305    3207     
 1086.32 1033    25550    -1.75413   -1.57924   0.174891    13344    3211     
 1088.77 1035    25600    -1.75413   -1.57925   0.174888    13394    3214     
 1093.66 1037    25651    -1.75413   -1.57926   0.174871    13445    3218     
 1096.68 1039    25705    -1.75413   -1.57929   0.174846    13499    3220     
 1099.82 1041    25763    -1.75413   -1.5793    0.174834    13557    3225     
 1101.68 1042    25800    -1.75413   -1.5793    0.174828    13594    3228     
 1104.32 1045    25850    -1.75413   -1.57961   0.174521    13644    3232     
 1107.01 1047    25900    -1.75413   -1.5797    0.17443     13694    3237     
 1109.68 1049    25950    -1.75413   -1.5797    0.174427    13744    3240     
 1114.49 1051    26003    -1.75413   -1.57971   0.174415    13797    3244     
 1117.42 1053    26059    -1.75413   -1.57972   0.174409    13853    3246     
 1119.87 1054    26100    -1.75413   -1.57973   0.174401    13894    3250     
 1122.45 1056    26150    -1.75413   -1.57976   0.17437     13944    3252     
 1126.18 1058    26201    -1.75413   -1.57978   0.174349    13995    3260     
 1130.18 1060    26259    -1.75413   -1.5798    0.174328    14053    3266     
 1134.09 1061    26300    -1.75413   -1.5798    0.174324    14094    3270     
 1137.99 1063    26350    -1.75412   -1.57984   0.174286    14144    3277     
 1153.85 1065    26400    -1.75412   -1.5799    0.174219    13696    3284     
 1156.53 1067    26450    -1.7541    -1.58002   0.174079    13746    3286     
 1160.07 1069    26505    -1.7541    -1.58006   0.174046    13801    3292     
 1164.32 1071    26563    -1.75408   -1.58025   0.173829    13859    3299     
 1166.65 1073    26600    -1.75408   -1.58069   0.173392    13896    3303     
 1172.2  1075    26650    -1.75408   -1.58074   0.173335    13946    3308     
 1175.41 1077    26700    -1.75408   -1.58077   0.173306    13996    3313     
 1179.79 1079    26753    -1.75406   -1.58095   0.17311     14049    3318     
 1182.69 1081    26800    -1.75405   -1.58098   0.173075    14096    3322     
 1185.52 1082    26850    -1.75222   -1.58103   0.171185    14146    3325     
 1288.59 1084    26903    -1.75222   -1.58118   0.171038    13988    3332     
 1290.89 1086    26950    -1.75214   -1.58225   0.169898    14035    3335     
 1295.69 1088    27001    -1.75202   -1.5823    0.16972     14086    3337     
 1300.9  1090    27061    -1.75198   -1.58239   0.169595    14146    3345     
 1304.07 1092    27109    -1.75197   -1.58244   0.169524    14194    3348     
 1307.7  1093    27150    -1.75194   -1.58244   0.169492    14235    3354     
 1313.14 1096    27211    -1.75191   -1.58266   0.169246    14296    3365     
 1316.54 1097    27250    -1.75191   -1.58269   0.169223    14335    3372     
 1322.48 1099    27300    -1.75187   -1.58275   0.169114    14385    3378     
 1329.73 1101    27357    -1.75187   -1.58277   0.1691      14442    3386     
 1332.53 1103    27400    -1.75187   -1.58277   0.169094    14485    3392     
 1336.37 1105    27450    -1.75182   -1.5831    0.168723    14535    3397     
 1342.39 1107    27500    -1.7517    -1.58353   0.168164    14585    3404     
 1345.56 1110    27550    -1.75168   -1.58371   0.16797     14635    3407     
 1348.23 1111    27600    -1.75167   -1.58372   0.167951    14685    3408     
 1351.09 1113    27650    -1.75167   -1.58375   0.167917    14735    3411     
 1356.22 1115    27703    -1.75166   -1.58379   0.167868    14788    3414     
 1360.82 1116    27750    -1.75166   -1.58381   0.167852    14835    3423     
 1365.31 1118    27800    -1.75162   -1.58398   0.167642    14885    3430     
 1370.65 1120    27850    -1.75162   -1.58409   0.167534    14935    3436     
 1374.1  1122    27905    -1.75162   -1.58409   0.167525    14990    3439     
 1377.48 1124    27959    -1.75159   -1.58411   0.167481    15044    3442     
 1379.95 1125    28000    -1.75159   -1.58412   0.167477    15085    3444     
 1385.02 1127    28050    -1.75159   -1.58412   0.167473    15135    3448     
 1388.94 1129    28107    -1.75159   -1.58418   0.167411    15192    3454     
 1392.15 1131    28161    -1.75158   -1.58422   0.167363    15246    3456     
 1394.85 1132    28200    -1.75158   -1.58422   0.167356    15285    3459     
 1398.99 1134    28250    -1.75158   -1.58423   0.167349    15335    3465     
 1417.4  1136    28305    -1.75158   -1.58423   0.167344    14919    3470     
 1421.13 1138    28361    -1.75157   -1.58426   0.167308    14975    3474     
 1425.27 1139    28400    -1.75157   -1.58427   0.1673      15014    3477     
 1429.89 1141    28450    -1.75157   -1.58433   0.167235    15064    3483     
 1433.64 1143    28501    -1.75157   -1.58435   0.167218    15115    3488     
 1437.34 1145    28557    -1.75155   -1.58442   0.167134    15171    3494     
 1439.99 1147    28601    -1.75074   -1.58443   0.16631     15215    3498     
 1444.73 1149    28650    -1.75074   -1.5858    0.164939    15264    3505     
 1449.51 1151    28700    -1.75074   -1.58638   0.164364    15314    3512     
 1457.14 1153    28750    -1.75074   -1.58819   0.162554    15364    3522     
 1462.08 1155    28800    -1.75074   -1.58898   0.16176     15414    3529     
 1468.32 1157    28859    -1.75069   -1.58924   0.161452    15473    3538     
 1471.57 1159    28907    -1.75066   -1.58948   0.161183    15521    3541     
 1474.73 1161    28961    -1.75063   -1.58965   0.160974    15575    3544     
 1478.11 1162    29000    -1.75061   -1.58975   0.160858    15614    3549     
 1482.72 1164    29051    -1.75057   -1.58982   0.160752    15665    3557     
 1488.18 1166    29101    -1.75056   -1.59008   0.160471    15715    3561     
 1493.7  1168    29161    -1.75054   -1.59013   0.160413    15775    3571     
 1496.68 1169    29200    -1.75052   -1.59038   0.160146    15814    3575     
 1501.29 1171    29250    -1.75051   -1.59045   0.160057    15864    3581     
 1506.44 1173    29305    -1.75051   -1.59049   0.160019    15919    3588     
 1510.98 1175    29359    -1.75047   -1.59065   0.15982     15973    3594     
 1515.07 1176    29400    -1.75047   -1.59066   0.159809    16014    3602     
 1518.7  1178    29450    -1.75046   -1.59068   0.159788    16064    3605     
 1524.66 1180    29500    -1.75044   -1.59084   0.159601    16114    3610     
 1528.79 1182    29550    -1.75043   -1.59086   0.159563    16164    3615     
 1532.97 1184    29603    -1.75043   -1.59088   0.159551    16217    3620     
 1539.31 1185    29650    -1.75043   -1.59088   0.159544    16264    3630     
 1542.65 1187    29700    -1.75041   -1.59091   0.159501    16314    3632     
 1546.48 1189    29750    -1.75041   -1.59091   0.159497    16364    3636     
 1568.38 1191    29807    -1.75041   -1.59093   0.159478    15881    3643     
 1573.6  1192    29850    -1.7504    -1.59093   0.15947     15924    3648     
 1578.38 1194    29900    -1.7504    -1.59097   0.159423    15974    3653     
 1582.98 1196    29953    -1.75036   -1.59109   0.159275    16027    3659     
 1586.31 1198    30007    -1.75036   -1.5911    0.159269    16081    3662     
 1589.19 1199    30050    -1.75036   -1.5911    0.159262    16124    3665     
 1592.68 1201    30100    -1.75033   -1.59119   0.159138    16174    3668     
 1596.5  1203    30153    -1.75033   -1.5912    0.159134    16227    3671     
 1602.54 1205    30211    -1.75033   -1.59122   0.15911     16285    3675     
 1604.99 1206    30250    -1.75033   -1.59122   0.159107    16324    3677     
 1608.87 1208    30300    -1.75033   -1.59125   0.159079    16374    3681     
 1614.15 1210    30359    -1.75033   -1.59126   0.159069    16433    3689     
 1617.48 1211    30400    -1.75033   -1.59126   0.159067    16474    3693     
 1622.91 1213    30450    -1.75032   -1.59128   0.159043    16524    3699     
 1630.55 1215    30513    -1.75032   -1.59129   0.159029    16587    3709     
 1633.06 1216    30550    -1.75032   -1.5913    0.159024    16624    3711     
 1640.97 1218    30603    -1.75032   -1.59138   0.158941    16677    3717     
 1646.04 1220    30663    -1.75031   -1.59141   0.158908    16737    3722     
 1649.57 1221    30700    -1.75031   -1.59146   0.158852    16774    3727     
 1654.11 1223    30753    -1.75031   -1.59152   0.158788    16827    3733     
 1658.41 1225    30811    -1.75031   -1.59154   0.158765    16885    3736     
 1662.1  1226    30850    -1.75031   -1.59154   0.158762    16924    3741     
 1667.65 1228    30900    -1.75031   -1.59159   0.158715    16974    3746     
 1672.56 1230    30953    -1.7503    -1.5916    0.158703    17027    3751     
 1678.97 1231    31000    -1.7503    -1.59161   0.158693    17074    3758     
 1682.7  1233    31050    -1.7503    -1.59166   0.158642    17124    3761     
 1686.84 1235    31103    -1.7503    -1.59166   0.158638    17177    3765     
 1689.94 1237    31155    -1.7503    -1.59168   0.158623    17229    3767     
 1694.34 1239    31200    -1.7503    -1.59168   0.158619    17274    3774     
 1698.04 1240    31250    -1.7503    -1.59171   0.158585    17324    3777     
 1702.11 1242    31301    -1.7503    -1.59173   0.158572    17375    3781     
 1708.34 1244    31355    -1.7503    -1.59181   0.158484    17429    3785     
 1731.39 1246    31400    -1.7503    -1.59181   0.158482    16851    3791     
 1734.86 1247    31450    -1.7503    -1.59182   0.158474    16901    3792     
 1738.37 1249    31501    -1.7503    -1.59183   0.158468    16952    3795     
 1743.03 1251    31557    -1.75028   -1.59186   0.158423    17008    3800     
 1746.55 1252    31600    -1.75028   -1.59186   0.158422    17051    3805     
 1749.87 1254    31650    -1.75028   -1.59187   0.158415    17101    3809     
 1754.21 1256    31700    -1.75028   -1.59188   0.158405    17151    3815     
 1760.46 1258    31755    -1.75028   -1.59189   0.158388    17206    3817     
 1764.43 1260    31809    -1.75028   -1.59191   0.158367    17260    3822     
 1767.34 1262    31857    -1.75028   -1.59195   0.15833     17308    3826     
 1771.41 1264    31911    -1.75028   -1.59206   0.158219    17362    3829     
 1773.99 1265    31950    -1.75028   -1.59206   0.158212    17401    3831     
 1779.83 1267    32000    -1.75028   -1.5921    0.158174    17451    3838     
 1785.87 1269    32057    -1.75027   -1.59217   0.158101    17508    3844     
 1789.7  1271    32109    -1.75027   -1.5922    0.158077    17560    3847     
 1797.45 1273    32150    -1.75027   -1.5922    0.158075    17601    3856     
 1801.39 1275    32200    -1.75027   -1.59228   0.157995    17651    3857     
 1806.89 1277    32251    -1.75025   -1.59242   0.157825    17702    3861     
 1812.35 1280    32311    -1.75025   -1.59254   0.157704    17762    3869     
 1814.94 1281    32350    -1.75025   -1.59254   0.157704    17801    3871     
 1819.25 1283    32400    -1.75025   -1.59255   0.1577      17851    3876     
 1823.35 1285    32457    -1.75024   -1.59257   0.157674    17908    3880     
 1827.05 1287    32511    -1.75024   -1.59258   0.157667    17962    3882     
 1832.78 1288    32550    -1.75024   -1.59264   0.1576      18001    3885     
 1837.75 1290    32600    -1.75024   -1.59275   0.157495    18051    3891     
 1842.07 1292    32653    -1.75024   -1.59277   0.15747     18104    3897     
 1849.4  1294    32711    -1.75024   -1.5928    0.157445    18162    3907     
 1853.13 1296    32763    -1.75024   -1.5928    0.157441    18214    3909     
 1856.04 1297    32800    -1.75024   -1.5928    0.157438    18251    3912     
 1862.15 1299    32855    -1.75024   -1.59288   0.157361    18306    3920     
 1865.52 1300    32900    -1.74936   -1.59309   0.156272    18351    3923     
 1871.26 1302    32950    -1.74931   -1.59313   0.15618     18401    3925     
 1877.95 1304    33005    -1.74927   -1.59327   0.156001    18456    3933     
 1883.72 1306    33063    -1.74924   -1.59328   0.15596     18514    3940     
 1907.55 1307    33100    -1.74923   -1.59328   0.155954    17921    3942     
 1913.93 1309    33151    -1.74918   -1.59333   0.155848    17972    3950     
 1917.93 1311    33201    -1.74918   -1.59348   0.155706    18022    3953     
 1922.29 1313    33257    -1.74918   -1.59348   0.155698    18078    3958     
 1926.31 1314    33300    -1.74918   -1.59349   0.155686    18121    3963     
 1933.21 1316    33350    -1.74915   -1.59352   0.155625    18171    3968     
 1939.89 1318    33413    -1.74909   -1.59356   0.15553     18234    3976     
 1943.12 1319    33450    -1.74909   -1.59367   0.155418    18271    3980     
 1948.04 1321    33503    -1.74909   -1.59374   0.155354    18324    3986     
 1952.07 1323    33559    -1.74909   -1.59374   0.155347    18380    3991     
 1955.55 1324    33600    -1.74909   -1.59375   0.155343    18421    3996     
 1960.19 1326    33650    -1.74909   -1.59376   0.155332    18471    4001     
 1964.99 1328    33705    -1.74908   -1.59376   0.155316    18526    4005     
 1972.55 1330    33750    -1.74907   -1.59377   0.155295    18571    4013     
 1976.5  1331    33800    -1.74907   -1.5938    0.155263    18621    4016     
 1980.75 1333    33857    -1.74794   -1.59382   0.154119    18678    4020     
 1985    1335    33915    -1.74789   -1.59386   0.154029    18736    4023     
 1988.29 1336    33950    -1.74786   -1.59393   0.153927    18771    4026     
 1994.86 1338    34000    -1.74786   -1.59401   0.153844    18821    4031     
 1999.6  1340    34055    -1.74779   -1.59403   0.153763    18876    4035     
 2006.21 1342    34100    -1.74776   -1.59404   0.153716    18921    4043     
 2013.92 1343    34150    -1.74776   -1.59409   0.153668    18971    4047     
 2022.55 1345    34207    -1.74776   -1.5941    0.153665    19028    4059     
 2025.65 1346    34250    -1.74776   -1.5941    0.153663    19071    4062     
 2030.27 1348    34300    -1.74776   -1.5941    0.15366     19121    4066     
 2035.96 1350    34359    -1.74774   -1.59411   0.153639    19180    4072     
 2041.47 1352    34411    -1.74774   -1.59415   0.153597    19232    4078     
 2045.91 1353    34450    -1.74774   -1.59424   0.153499    19271    4084     
 2052    1355    34500    -1.74774   -1.59435   0.153393    19321    4091     
 2061.01 1357    34559    -1.74774   -1.59445   0.153294    19380    4098     
 2064.09 1359    34600    -1.74774   -1.59451   0.153232    19421    4100     
 2071.59 1361    34651    -1.7477    -1.59458   0.153115    19472    4107     
 2077.2  1363    34711    -1.74769   -1.59459   0.153101    19532    4112     
 2081.17 1364    34750    -1.74769   -1.59463   0.153064    19571    4117     
 2086.94 1366    34801    -1.74768   -1.59465   0.153029    19622    4123     
 2091.26 1368    34857    -1.74768   -1.59465   0.153027    19678    4126     
 2119.2  1369    34900    -1.74767   -1.59465   0.153019    18971    4131     
 2124.45 1371    34950    -1.74767   -1.59466   0.153014    19021    4136     
 2131.38 1373    35005    -1.74767   -1.59466   0.153011    19076    4141     
 2136.41 1375    35061    -1.74766   -1.59467   0.152991    19132    4145     
 2139.7  1376    35100    -1.74766   -1.59468   0.152985    19171    4149     
 2143.57 1378    35150    -1.74766   -1.59471   0.152946    19221    4152     
 2147.52 1380    35201    -1.74766   -1.59511   0.15255     19272    4155     
 2154.99 1382    35250    -1.74766   -1.59624   0.151423    19321    4163     
 2159.93 1384    35300    -1.74765   -1.59644   0.151205    19371    4165     
 2166.13 1386    35357    -1.74764   -1.59654   0.151106    19428    4171     
 2358.61 1388    35409    -1.74762   -1.59664   0.15098     19230    4175     
 2363.7  1389    35450    -1.74762   -1.59671   0.150911    19271    4181     
 2368.6  1391    35500    -1.74762   -1.59674   0.150877    19321    4186     
 2373.91 1393    35550    -1.74761   -1.59689   0.150721    19371    4192     
 2381.67 1395    35609    -1.74759   -1.59699   0.150607    19430    4202     
 2384.96 1397    35651    -1.74759   -1.59699   0.150603    19472    4206     
 2389.61 1399    35705    -1.74759   -1.597     0.150592    19526    4209     
 2394.98 1400    35750    -1.74759   -1.597     0.150588    19571    4215     
 2398.64 1402    35800    -1.74759   -1.59704   0.150552    19621    4217     
 2405.14 1404    35850    -1.74759   -1.59706   0.150528    19671    4220     
 2409.77 1406    35905    -1.74759   -1.59707   0.150522    19726    4225     
 2414.6  1407    35950    -1.74759   -1.59708   0.150504    19771    4230     
 2418.6  1409    36000    -1.74759   -1.59708   0.150501    19821    4231     
 2423.51 1411    36050    -1.74759   -1.59709   0.150498    19871    4236     
 2427.72 1413    36101    -1.74759   -1.59709   0.150497    19922    4239     
 2434.01 1415    36163    -1.74759   -1.5971    0.150488    19984    4245     
 2436.95 1416    36200    -1.74759   -1.59716   0.150422    20021    4248     
 2441.79 1419    36250    -1.74759   -1.59719   0.150394    20071    4252     
 2448.33 1420    36300    -1.74758   -1.59723   0.150357    20121    4257     
 2452.5  1422    36350    -1.74758   -1.59723   0.150349    20171    4259     
 2457.71 1424    36401    -1.74758   -1.59724   0.150338    20222    4263     
 2462.59 1426    36459    -1.74758   -1.59726   0.150321    20280    4267     
 2465.73 1427    36500    -1.74758   -1.59726   0.15032     20321    4268     
 2470.01 1429    36550    -1.74758   -1.59727   0.150315    20371    4271     
 2474.06 1431    36600    -1.74757   -1.59735   0.150217    20421    4274     
 2481.19 1433    36655    -1.74757   -1.59737   0.150203    20476    4281     
 2486.55 1435    36713    -1.74757   -1.59737   0.150197    20534    4285     
 2491.88 1436    36750    -1.74757   -1.59737   0.150195    20571    4286     
 2497.6  1438    36803    -1.74756   -1.59739   0.15017     20624    4291     
 2501.56 1440    36857    -1.74756   -1.5974    0.150166    20678    4293     
 2506.16 1441    36900    -1.74756   -1.5974    0.150164    20721    4298     
 2511.3  1443    36950    -1.74756   -1.59742   0.150141    20771    4302     
 2515.67 1445    37000    -1.74756   -1.59743   0.150129    20821    4306     
 2519.84 1447    37050    -1.74756   -1.59743   0.150124    20871    4309     
 2526.18 1449    37100    -1.74756   -1.59744   0.150115    20921    4317     
 2534.52 1451    37155    -1.74754   -1.59746   0.150084    20976    4321     
 2539.29 1453    37209    -1.74754   -1.59747   0.150073    21030    4325     
 2542.55 1454    37250    -1.74754   -1.59747   0.150071    21071    4328     
 2547.45 1456    37300    -1.74754   -1.59747   0.150064    21121    4333     
 2579.93 1458    37357    -1.74754   -1.59748   0.150059    20245    4337     
 2585.2  1459    37400    -1.74754   -1.59751   0.150023    20288    4343     
 2590.37 1461    37450    -1.74754   -1.59753   0.150002    20338    4349     
 2595.34 1463    37503    -1.74753   -1.59756   0.149975    20391    4352     
 2599.78 1465    37559    -1.74753   -1.59848   0.149054    20447    4355     
 2606.07 1466    37600    -1.74753   -1.59854   0.148998    20488    4359     
 2611.26 1468    37650    -1.74753   -1.59859   0.148943    20538    4363     
 2617.47 1470    37703    -1.74753   -1.59871   0.148822    20591    4369     
 2622.94 1472    37761    -1.74753   -1.59872   0.148807    20649    4373     
 2627.49 1473    37800    -1.74753   -1.59872   0.148803    20688    4379     
 2634.28 1475    37850    -1.7475    -1.59876   0.148741    20738    4385     
 2640.9  1477    37911    -1.7475    -1.59877   0.148727    20799    4391     
 2643.96 1478    37950    -1.7475    -1.59878   0.148717    20838    4394     
 2649.56 1480    38001    -1.74749   -1.5988    0.148688    20889    4400     
 2661.4  1482    38059    -1.74744   -1.59912   0.14832     20947    4411     
 2665.28 1484    38101    -1.74744   -1.59926   0.148184    20989    4415     
 2668.77 1486    38155    -1.74744   -1.59926   0.148183    21043    4415     
 2673.24 1488    38209    -1.74744   -1.59926   0.148177    21097    4417     
 2676.87 1489    38250    -1.74743   -1.59927   0.148169    21138    4421     
 2681.67 1491    38300    -1.74743   -1.59928   0.148155    21188    4424     
 2686.7  1493    38350    -1.74743   -1.59929   0.148149    21238    4429     
 2693.73 1495    38409    -1.74742   -1.59938   0.148038    21297    4436     
 2697.51 1496    38450    -1.7474    -1.59945   0.147951    21338    4440     
 2710.04 1498    38507    -1.74633   -1.59967   0.146666    21395    4451     
 2714.46 1500    38550    -1.74633   -1.6001    0.146231    21438    4456     
 2718    1502    38600    -1.7463    -1.60044   0.145857    21488    4458     
 2723.41 1504    38650    -1.74622   -1.60049   0.145724    21538    4462     
 2728.29 1506    38701    -1.74617   -1.60053   0.145637    21589    4465     
 2734.64 1508    38761    -1.74615   -1.60056   0.145594    21649    4471     
 2738.19 1509    38800    -1.74615   -1.60056   0.145589    21688    4474     
 2745.89 1511    38853    -1.74613   -1.60059   0.145541    21741    4483     
 2749.89 1513    38900    -1.74611   -1.60065   0.145462    21788    4486     
 2757.7  1515    38950    -1.74611   -1.60072   0.145388    21838    4491     
 2763.95 1517    39000    -1.74609   -1.60075   0.145348    21888    4497     
 2769.78 1519    39059    -1.74608   -1.60079   0.145293    21947    4501     
 2773.98 1521    39111    -1.74608   -1.60079   0.145288    21999    4504     
 2777.91 1522    39150    -1.74608   -1.6008    0.145284    22038    4507     
 2784.05 1524    39200    -1.74607   -1.60087   0.145199    22088    4512     
 2790.16 1526    39251    -1.74607   -1.60088   0.145182    22139    4518     
 2796.52 1528    39309    -1.74606   -1.60091   0.145153    22197    4522     
 2801.07 1529    39350    -1.74606   -1.60091   0.145148    22238    4525     
 2839.56 1531    39400    -1.74605   -1.60091   0.14514     21367    4529     
 2844.83 1533    39453    -1.74604   -1.60091   0.145124    21420    4532     
 2850.02 1535    39513    -1.74604   -1.60092   0.145122    21480    4536     
 2853.77 1536    39550    -1.74604   -1.60093   0.145111    21517    4540     
 2859.05 1538    39600    -1.74603   -1.60097   0.145065    21567    4545     
 2865.16 1540    39653    -1.74603   -1.60098   0.145056    21620    4551     
 2871.28 1542    39713    -1.74603   -1.60098   0.145052    21680    4557     
 2874.26 1543    39750    -1.74603   -1.60098   0.145051    21717    4559     
 2879.23 1545    39801    -1.74603   -1.60099   0.145039    21768    4562     
 2885.39 1547    39850    -1.74603   -1.601     0.145032    21817    4568     
 2892    1548    39900    -1.74603   -1.60101   0.145018    21867    4570     
 2900.8  1550    39950    -1.74598   -1.60141   0.144571    21917    4579     
 2905.76 1552    40001    -1.74595   -1.60142   0.144537    21968    4582     
 2910.1  1554    40055    -1.74595   -1.60142   0.144534    22022    4584     
 2914.63 1556    40113    -1.74595   -1.60142   0.144534    22080    4587     
 2918.25 1557    40150    -1.74595   -1.60142   0.144532    22117    4590     
 2924.57 1559    40205    -1.74595   -1.60144   0.14451     22172    4596     
 2930.53 1561    40250    -1.74595   -1.60148   0.144469    22217    4602     
 2935.21 1562    40300    -1.74594   -1.60151   0.144422    22267    4604     
 2944.4  1564    40355    -1.74593   -1.60152   0.14441     22322    4611     
 2951.09 1566    40400    -1.74592   -1.60159   0.144329    22367    4618     
 2954.77 1567    40450    -1.74592   -1.6016    0.144322    22417    4619     
 2960.94 1569    40500    -1.74592   -1.60167   0.144253    22467    4626     
 2967.81 1571    40553    -1.74592   -1.60177   0.144151    22520    4632     
 2973.6  1573    40611    -1.74592   -1.60182   0.144096    22578    4636     
 2977.57 1574    40650    -1.74592   -1.60182   0.144096    22617    4640     
 2983.78 1576    40703    -1.74592   -1.60183   0.144088    22670    4646     
 2988.86 1578    40753    -1.74592   -1.60187   0.144049    22720    4651     
 2997.43 1580    40811    -1.74592   -1.60187   0.144045    22778    4655     
 3000.74 1581    40850    -1.74592   -1.60187   0.144044    22817    4658     
 3006.24 1583    40900    -1.7459    -1.6019    0.143999    22867    4662     
 3014.82 1585    40959    -1.74589   -1.60195   0.143946    22926    4669     
 3018.05 1586    41000    -1.74589   -1.60223   0.143658    22967    4671     
 3025.1  1588    41051    -1.74589   -1.60231   0.143579    23018    4678     
 3029.71 1590    41101    -1.74589   -1.60234   0.143552    23068    4680     
 3033.89 1592    41155    -1.74589   -1.60234   0.14355     23122    4682     
 3036.4  1594    41200    -1.74589   -1.60339   0.142499    23167    4682     
 3044.34 1596    41250    -1.74589   -1.60362   0.142264    23217    4690     
 3054.06 1598    41301    -1.74588   -1.60371   0.142175    23268    4696     
 3059.05 1600    41353    -1.74586   -1.60385   0.142013    23320    4699     
 3067.11 1602    41405    -1.74585   -1.60401   0.141846    23372    4708     
 3073.96 1604    41450    -1.74584   -1.60406   0.141783    23417    4715     
 3078.22 1605    41500    -1.74584   -1.60412   0.14172     23467    4716     
 3118.68 1607    41553    -1.74584   -1.60414   0.141702    22498    4722     
 3125.96 1608    41600    -1.74565   -1.60418   0.141468    22545    4731     
 3132.43 1610    41650    -1.74565   -1.60419   0.141462    22595    4735     
 3139.48 1612    41711    -1.74565   -1.60425   0.141399    22656    4742     
 3146    1613    41750    -1.74565   -1.60425   0.141397    22695    4745     
 3151.44 1615    41800    -1.74565   -1.60426   0.141389    22745    4748     
 3158.57 1617    41851    -1.74565   -1.60437   0.141282    22796    4753     
 3165.94 1619    41911    -1.74565   -1.60438   0.141263    22856    4759     
 3169.25 1620    41950    -1.74565   -1.60439   0.141261    22895    4761     
 3174.71 1622    42000    -1.74563   -1.60439   0.141234    22945    4766     
 3182.78 1624    42059    -1.74563   -1.60442   0.141213    23004    4774     
 3187.18 1625    42100    -1.74563   -1.60442   0.14121     23045    4777     
 3192.15 1627    42150    -1.74563   -1.60443   0.141196    23095    4780     
 3199.13 1629    42205    -1.74563   -1.60444   0.14118     23150    4785     
 3207.77 1631    42255    -1.74562   -1.60445   0.141175    23200    4789     
 3212.9  1633    42309    -1.74562   -1.60446   0.141163    23254    4794     
 3219.75 1635    42363    -1.74561   -1.60446   0.141151    23308    4799     
 3224.34 1636    42400    -1.74561   -1.60449   0.141123    23345    4802     
 3232.71 1638    42457    -1.74561   -1.60451   0.141106    23402    4808     
 3237.32 1639    42500    -1.74561   -1.60451   0.141103    23445    4812     
 3243.34 1641    42551    -1.74561   -1.60452   0.141097    23496    4817     
 3251.77 1643    42615    -1.74561   -1.60459   0.141021    23560    4826     
 3255.75 1644    42650    -1.74561   -1.6046    0.141005    23595    4829     
 3263.32 1646    42707    -1.74561   -1.60462   0.140988    23652    4834     
 3271.93 1647    42750    -1.74561   -1.60464   0.140965    23695    4840     
 3278.42 1649    42803    -1.7456    -1.6049    0.140708    23748    4844     
 3282.25 1651    42850    -1.7456    -1.60507   0.140528    23795    4847     
 3287.93 1653    42900    -1.7456    -1.60509   0.140512    23845    4852     
 3292.52 1655    42950    -1.7456    -1.60512   0.140482    23895    4853     
 3300.82 1657    43005    -1.7456    -1.60518   0.140422    23950    4860     
 3306.35 1659    43059    -1.74559   -1.60521   0.140383    24004    4863     
 3310.96 1660    43100    -1.74559   -1.60521   0.140381    24045    4866     
 3317.54 1662    43153    -1.74558   -1.60523   0.140348    24098    4871     
 3322.92 1664    43211    -1.74558   -1.60523   0.140347    24156    4875     
 3330.14 1665    43250    -1.74558   -1.60524   0.140345    24195    4878     
 3335.34 1667    43300    -1.74558   -1.60528   0.140302    24245    4882     
 3342.19 1669    43363    -1.74558   -1.60536   0.140221    24308    4887     
 3346.67 1671    43407    -1.74558   -1.60606   0.139519    24352    4890     
 3351.4  1673    43451    -1.74558   -1.60622   0.139356    24396    4893     
 3355.96 1675    43500    -1.74558   -1.60626   0.139315    24445    4896     
 3362.08 1677    43555    -1.74558   -1.60633   0.139249    24500    4900     
 3367.04 1679    43603    -1.74558   -1.60637   0.139204    24548    4902     
 3374.51 1681    43665    -1.74558   -1.60638   0.139197    24610    4907     
 3378.4  1682    43700    -1.74557   -1.6064    0.139179    24645    4910     
 3422.94 1684    43750    -1.74557   -1.6064    0.13917     23652    4911     
 3428.54 1686    43800    -1.74557   -1.60643   0.139147    23702    4915     
 3436.22 1688    43859    -1.74557   -1.60649   0.139082    23761    4921     
 3441.14 1689    43900    -1.74557   -1.60649   0.139077    23802    4925     
 3447.87 1691    43950    -1.74556   -1.6066    0.138952    23852    4930     
 3451.72 1694    44000    -1.74556   -1.60681   0.138747    23902    4932     
 3455.92 1696    44050    -1.74556   -1.60686   0.138697    23952    4934     
 3460.4  1698    44101    -1.74556   -1.60686   0.138694    24003    4936     
 3467.29 1700    44159    -1.74555   -1.60696   0.138593    24061    4940     
 3471.18 1701    44200    -1.74555   -1.60696   0.13859     24102    4941     
 3481.12 1703    44250    -1.74555   -1.60697   0.138585    24152    4946     
 3486.93 1705    44307    -1.74555   -1.60697   0.138581    24209    4949     
 3492.27 1706    44350    -1.74552   -1.60698   0.138543    24252    4955     
 3498.57 1708    44400    -1.74552   -1.60698   0.138536    24302    4960     
 3504.42 1710    44451    -1.74552   -1.60702   0.138505    24353    4964     
 3515.13 1712    44513    -1.74551   -1.60703   0.13848     24415    4974     
 3519.02 1713    44550    -1.74551   -1.60703   0.138477    24452    4976     
 3528.83 1715    44605    -1.74551   -1.60707   0.138442    24507    4986     
 3533.73 1717    44653    -1.74551   -1.60707   0.138438    24555    4988     
 3539.51 1719    44711    -1.74551   -1.60707   0.138437    24613    4992     
 3546.83 1720    44750    -1.74551   -1.60707   0.138437    24652    4994     
 3552.17 1722    44800    -1.74551   -1.6071    0.138407    24702    4996     
 3556.54 1724    44850    -1.74551   -1.60713   0.138383    24752    4997     
 3561.35 1726    44900    -1.74551   -1.60714   0.138372    24802    5000     
 3568.5  1728    44955    -1.74318   -1.60741   0.135768    24857    5004     
 3574.42 1730    45009    -1.74302   -1.60747   0.135554    24911    5008     
 3579.72 1731    45050    -1.74295   -1.60751   0.135437    24952    5011     
 3587.12 1733    45100    -1.74284   -1.60756   0.135279    25002    5017     
 3594.86 1735    45157    -1.74275   -1.60761   0.135138    25059    5022     
 3601.36 1737    45200    -1.74271   -1.60763   0.135087    25102    5030     
-------------------------------------------------------------------------------

SARSOP finishing ...
  Preset timeout reached
  Timeout     : 3600.000000s
  Actual Time : 3601.362000s

-------------------------------------------------------------------------------
 Time   |#Trial |#Backup |LBound    |UBound    |Precision  |#Alphas |#Beliefs  
-------------------------------------------------------------------------------
 3639.7  1737    45200    -1.74271   -1.60763   0.135087    24502    5030     
-------------------------------------------------------------------------------

Writing out policy ...
  output file : policy.out

Generating a pomdpx file: model.pomdpx
