
Loading the model ...
  input file   : model.pomdpx
  loading time : 0.78s 

SARSOP initializing ...
  initialization time : 0.23s

-------------------------------------------------------------------------------
 Time   |#Trial |#Backup |LBound    |UBound    |Precision  |#Alphas |#Beliefs  
-------------------------------------------------------------------------------
 0.226   0       0        -4.79701   -0.365309  4.4317      9        1        
 0.26    3       50       -2.32605   -0.6405    1.68555     49       18       
 0.29    6       100      -2.32605   -0.753151  1.5729      76       32       
 0.33    9       151      -2.32605   -0.843998  1.48206     105      47       
 0.374   12      203      -2.32605   -0.885896  1.44016     144      71       
 0.407   15      250      -2.27064   -0.973131  1.29751     176      84       
 0.45    18      300      -2.256     -1.01384   1.24215     206      96       
 0.514   21      350      -2.256     -1.02949   1.22651     242      112      
 0.579   24      400      -2.256     -1.04501   1.21099     274      124      
 0.64    27      450      -2.256     -1.07452   1.18148     303      140      
 0.752   31      500      -2.25344   -1.11868   1.13476     327      159      
 0.827   34      553      -2.25344   -1.13613   1.11731     366      172      
 0.9     37      603      -2.20212   -1.17191   1.03021     401      181      
 0.985   40      651      -2.20212   -1.18401   1.0181      427      194      
 1.144   43      709      -2.20212   -1.1987    1.00342     455      211      
 1.25    45      755      -2.16841   -1.20597   0.962439    494      219      
 1.383   47      800      -2.16841   -1.22385   0.944561    539      234      
 1.536   51      857      -2.16841   -1.23577   0.932642    577      246      
 1.668   54      900      -2.16841   -1.24533   0.923075    592      255      
 1.835   56      950      -2.16841   -1.25112   0.917292    617      269      
 2.02    59      1001     -2.16841   -1.26355   0.904855    642      281      
 2.175   62      1055     -2.16444   -1.2656    0.898832    673      291      
 2.285   65      1100     -2.16444   -1.26939   0.895045    718      299      
 2.487   68      1150     -2.16444   -1.28329   0.881146    736      312      
 2.75    71      1205     -2.16322   -1.29055   0.872663    762      324      
 2.87    74      1250     -2.16322   -1.29709   0.866123    807      330      
 3.12    77      1305     -2.15439   -1.30421   0.850176    838      340      
 3.392   80      1357     -2.15439   -1.31086   0.843525    851      355      
 3.603   82      1405     -2.14977   -1.31803   0.831744    899      363      
 3.85    84      1450     -2.14925   -1.32127   0.827973    922      373      
 4.08    87      1505     -2.14764   -1.32407   0.823569    977      383      
 4.28    90      1550     -2.14712   -1.32918   0.81794     1002     387      
 4.549   93      1607     -2.14684   -1.33329   0.813544    1059     398      
 4.81    95      1650     -2.14684   -1.33555   0.811289    1068     410      
 5.185   97      1700     -2.14684   -1.3373    0.80954     1118     421      
 6.245   100     1757     -2.13461   -1.33935   0.795259    1090     428      
 6.45    102     1800     -2.13397   -1.34298   0.790991    1133     436      
 6.693   105     1850     -2.13397   -1.3467    0.787271    1183     443      
 7.264   108     1907     -2.13397   -1.34885   0.785115    1198     457      
 7.65    110     1953     -2.12824   -1.35249   0.775746    1244     467      
 8.081   112     2001     -2.12812   -1.35564   0.772473    1256     476      
 8.29    114     2050     -2.05699   -1.36031   0.696683    1305     484      
 8.556   116     2100     -1.99688   -1.36087   0.636009    1355     490      
 9.046   118     2150     -1.99246   -1.36176   0.630701    1384     502      
 9.431   120     2200     -1.89202   -1.36195   0.530065    1434     510      
 9.955   123     2255     -1.89021   -1.36575   0.52446     1463     517      
 10.29   125     2300     -1.88795   -1.36589   0.522052    1508     527      
 10.84   127     2350     -1.87895   -1.36917   0.509783    1558     537      
 11.345  130     2401     -1.86642   -1.3736    0.492822    1571     544      
 12.721  133     2450     -1.86642   -1.37632   0.490105    632      549      
 12.957  135     2501     -1.85596   -1.37817   0.477782    683      559      
 13.14   138     2551     -1.85554   -1.38211   0.473435    713      565      
 13.39   140     2600     -1.85554   -1.38265   0.472898    736      573      
 13.583  144     2650     -1.85426   -1.38304   0.471212    786      581      
 13.834  146     2707     -1.85401   -1.38879   0.46522     809      586      
 14.015  149     2753     -1.85187   -1.39234   0.459534    835      589      
 14.17   151     2800     -1.8518    -1.39377   0.458025    882      596      
 14.439  153     2850     -1.85006   -1.39493   0.455134    909      604      
 14.715  155     2900     -1.84892   -1.39565   0.453276    959      612      
 14.988  157     2950     -1.8485    -1.39656   0.451941    980      618      
 15.295  160     3011     -1.8485    -1.39763   0.450871    1041     628      
 15.594  162     3050     -1.84776   -1.39842   0.449341    1044     636      
 15.942  164     3107     -1.84776   -1.39914   0.448623    1101     647      
 16.26   166     3150     -1.84776   -1.40143   0.446334    1098     656      
 16.556  168     3200     -1.84695   -1.40261   0.444342    1148     664      
 16.938  170     3250     -1.84675   -1.40487   0.441881    1171     672      
 17.25   172     3301     -1.84615   -1.40654   0.439617    1222     681      
 17.576  174     3350     -1.84615   -1.40905   0.437106    1271     688      
 18.022  176     3400     -1.84604   -1.4093    0.436736    1288     694      
 18.406  179     3450     -1.84582   -1.40983   0.435994    1338     704      
 18.765  181     3500     -1.84579   -1.41046   0.435337    1365     707      
 19.074  183     3550     -1.84517   -1.41098   0.434191    1415     714      
 19.505  185     3600     -1.84512   -1.4116    0.433516    1465     722      
 20.072  187     3650     -1.84492   -1.41274   0.432173    1479     728      
 20.506  189     3700     -1.84492   -1.41349   0.431425    1529     737      
 20.834  191     3750     -1.84467   -1.41401   0.430653    1579     740      
 21.323  194     3800     -1.84454   -1.41491   0.429635    1585     746      
 21.78   196     3850     -1.84454   -1.41668   0.427865    1635     754      
 22.4    199     3913     -1.84382   -1.41893   0.424885    1698     763      
 24.69   200     3950     -1.84382   -1.41895   0.424867    1254     769      
 25.242  203     4011     -1.84382   -1.42122   0.422596    1315     780      
 25.618  205     4061     -1.84245   -1.4219    0.420546    1365     785      
 26.12   207     4111     -1.8423    -1.42273   0.419571    1375     791      
 26.397  209     4157     -1.84227   -1.42303   0.419235    1421     795      
 26.86   211     4209     -1.816     -1.4242    0.3918      1473     801      
 27.436  213     4259     -1.816     -1.42848   0.387522    1492     808      
 27.84   215     4300     -1.816     -1.43473   0.381276    1533     816      
 28.32   219     4357     -1.816     -1.44472   0.371284    1590     824      
 28.659  223     4403     -1.816     -1.4489    0.367106    1564     828      
 29.06   225     4450     -1.816     -1.45068   0.365318    1611     834      
 29.651  227     4500     -1.816     -1.45388   0.362124    1661     845      
 30.206  229     4550     -1.81096   -1.45508   0.355878    1647     852      
 30.64   231     4600     -1.80975   -1.45623   0.353512    1697     857      
 31.19   233     4650     -1.80942   -1.45667   0.352748    1747     864      
 31.82   235     4700     -1.80852   -1.45858   0.349945    1768     870      
 32.44   237     4750     -1.80744   -1.45892   0.348524    1818     878      
 33.15   240     4805     -1.80744   -1.4621    0.345343    1873     889      
 33.705  242     4857     -1.80721   -1.46229   0.344918    1925     897      
 34.677  244     4913     -1.80692   -1.46341   0.343505    1937     906      
 35.107  245     4950     -1.80692   -1.46359   0.343325    1974     913      
 35.808  247     5000     -1.80677   -1.46431   0.342463    2024     921      
 36.322  250     5050     -1.80677   -1.46614   0.340629    2074     926      
 37.235  252     5100     -1.80664   -1.4664    0.340244    2084     933      
 37.834  254     5150     -1.80628   -1.4668    0.339475    2134     940      
 38.399  256     5200     -1.80611   -1.46733   0.338783    2184     945      
 39.178  259     5250     -1.80611   -1.46777   0.338337    2234     953      
 43.288  261     5300     -1.80432   -1.46846   0.335862    1585     960      
 43.741  263     5353     -1.80432   -1.46972   0.334605    1638     967      
 44.259  265     5405     -1.80408   -1.46987   0.334213    1690     972      
 45.378  267     5461     -1.80408   -1.4704    0.333682    1700     984      
 45.855  269     5513     -1.80394   -1.47153   0.332411    1752     992      
 46.31   271     5559     -1.80394   -1.47284   0.331108    1798     1001     
 46.99   273     5613     -1.80383   -1.47298   0.330847    1852     1006     
 47.575  274     5650     -1.80378   -1.47306   0.330719    1857     1010     
 48.3    276     5700     -1.80372   -1.47336   0.330362    1907     1015     
 48.705  278     5750     -1.80372   -1.47365   0.330065    1957     1019     
 49.353  281     5803     -1.80357   -1.47454   0.329031    2010     1025     
 50.536  283     5859     -1.80357   -1.47465   0.328919    2021     1035     
 51.195  285     5900     -1.80357   -1.47469   0.328872    2062     1041     
 51.79   286     5950     -1.80309   -1.47576   0.327331    2112     1047     
 52.515  289     6009     -1.80299   -1.47579   0.327201    2171     1054     
 53.389  291     6061     -1.80298   -1.47619   0.326787    2145     1060     
 53.905  293     6109     -1.80298   -1.47623   0.326747    2193     1063     
 54.677  295     6163     -1.80259   -1.47678   0.325813    2247     1072     
 55.255  297     6200     -1.80259   -1.47732   0.325276    2284     1078     
 56.625  299     6250     -1.80234   -1.4776    0.324735    2280     1086     
 57.29   301     6301     -1.80231   -1.47801   0.324299    2331     1093     
 58.186  303     6353     -1.80217   -1.47858   0.323593    2383     1098     
 58.785  305     6407     -1.80217   -1.47864   0.323526    2437     1103     
 59.48   307     6459     -1.80213   -1.47907   0.323062    2489     1107     
 60.563  309     6500     -1.80213   -1.47907   0.323061    2464     1115     
 61.275  310     6550     -1.80199   -1.47929   0.322703    2514     1119     
 61.95   312     6600     -1.80186   -1.47936   0.322503    2564     1124     
 62.84   315     6651     -1.80186   -1.47977   0.322091    2615     1128     
 63.77   317     6705     -1.80183   -1.48025   0.321584    2669     1134     
 65      319     6750     -1.80183   -1.48033   0.321506    2646     1141     
 66.1    321     6801     -1.80166   -1.48058   0.321079    2697     1149     
 66.94   323     6857     -1.80165   -1.48069   0.320952    2753     1158     
 67.947  325     6907     -1.80159   -1.48093   0.320665    2803     1163     
 68.802  327     6959     -1.80159   -1.48102   0.320569    2855     1169     
 75.651  329     7011     -1.80159   -1.4811    0.320481    2498     1174     
 76.15   331     7050     -1.80157   -1.48119   0.320385    2537     1179     
 76.826  332     7100     -1.80157   -1.48123   0.320344    2587     1183     
 77.974  334     7150     -1.80148   -1.48159   0.319892    2637     1191     
 78.78   336     7200     -1.80147   -1.4817    0.319776    2687     1195     
 79.41   338     7251     -1.7731    -1.48176   0.291342    2738     1200     
 80.865  340     7305     -1.77235   -1.48219   0.290161    2716     1207     
 81.3    342     7350     -1.77021   -1.48224   0.287973    2761     1210     
 82.45   344     7400     -1.76979   -1.48234   0.287444    2811     1218     
 84.115  346     7453     -1.76979   -1.48297   0.28682     2864     1235     
 85.23   348     7507     -1.76974   -1.48301   0.286727    2918     1241     
 86.77   350     7561     -1.76933   -1.48353   0.285798    2904     1249     
 87.295  351     7600     -1.76875   -1.48354   0.28521     2943     1253     
 88.445  353     7650     -1.76818   -1.48386   0.284322    2993     1260     
 89.224  355     7700     -1.76737   -1.48452   0.282852    3043     1264     
 90.16   358     7750     -1.76737   -1.48473   0.282637    3093     1270     
 91.085  359     7800     -1.76721   -1.48476   0.282444    3143     1274     
 92.455  361     7850     -1.76721   -1.48483   0.282376    3112     1278     
 93.369  363     7900     -1.76721   -1.4849    0.282309    3162     1281     
 94.19   365     7950     -1.76679   -1.48506   0.281727    3212     1286     
 94.945  367     8000     -1.76618   -1.48528   0.280901    3262     1291     
 95.865  369     8050     -1.7655    -1.48568   0.279815    3312     1295     
 96.827  371     8100     -1.76537   -1.48586   0.279512    3362     1302     
 98.617  373     8151     -1.76507   -1.48609   0.278978    3305     1307     
 99.377  375     8200     -1.76507   -1.48624   0.278828    3354     1310     
 100.03  377     8250     -1.76505   -1.48628   0.278772    3404     1313     
 101.285 379     8301     -1.76404   -1.48658   0.277455    3455     1319     
 102.21  381     8355     -1.76387   -1.48667   0.277203    3509     1324     
 103.547 383     8400     -1.76387   -1.48677   0.277098    3554     1334     
 104.512 384     8450     -1.76366   -1.48689   0.276775    3604     1336     
 106.09  386     8500     -1.76365   -1.48691   0.276745    3559     1339     
 107.497 388     8550     -1.76326   -1.48769   0.275579    3609     1347     
 108.285 390     8600     -1.76322   -1.48787   0.275355    3659     1351     
 109.737 392     8653     -1.76317   -1.48826   0.274914    3712     1363     
 111.416 394     8703     -1.76317   -1.48885   0.27432     3762     1371     
 112.801 396     8757     -1.76317   -1.48926   0.273908    3816     1380     
 113.61  398     8805     -1.76305   -1.48934   0.273714    3864     1383     
 115.87  400     8855     -1.76298   -1.48966   0.273321    3806     1389     
 116.95  402     8900     -1.76298   -1.49002   0.272956    3851     1398     
 117.87  404     8950     -1.76272   -1.4901    0.272617    3901     1402     
 119.175 406     9000     -1.76258   -1.49025   0.27233     3951     1408     
 120.09  408     9050     -1.76254   -1.49043   0.272109    4001     1412     
 120.743 410     9100     -1.76254   -1.49064   0.271899    4051     1413     
 122.13  412     9150     -1.76254   -1.49065   0.271891    4101     1418     
 123.342 414     9200     -1.76248   -1.49078   0.271701    4151     1425     
 134.99  416     9250     -1.76248   -1.49147   0.271007    3527     1431     
 136.085 418     9300     -1.76242   -1.4915    0.270917    3577     1436     
 136.97  420     9350     -1.76242   -1.49158   0.270843    3627     1440     
 137.784 422     9400     -1.76242   -1.49499   0.267429    3677     1443     
 139.77  425     9461     -1.76242   -1.49833   0.264089    3738     1455     
 141.015 427     9503     -1.76242   -1.50233   0.260091    3780     1464     
 142.933 429     9550     -1.76242   -1.50515   0.257274    3827     1478     
 144.08  432     9600     -1.76242   -1.50771   0.254716    3877     1485     
 146.19  435     9655     -1.76242   -1.50936   0.253065    3797     1490     
 147.235 437     9707     -1.76235   -1.51004   0.252307    3849     1497     
 148.915 439     9761     -1.76233   -1.51067   0.251658    3903     1506     
 150.15  440     9800     -1.76233   -1.51075   0.251579    3942     1513     
 151.532 442     9850     -1.76199   -1.51115   0.250846    3992     1521     
 153.29  445     9913     -1.76199   -1.51213   0.24986     4055     1529     
 154.07  446     9950     -1.76191   -1.51264   0.249272    4092     1534     
 156.04  448     10000    -1.76191   -1.51273   0.24918     4019     1538     
 157.19  450     10050    -1.76191   -1.51298   0.248925    4069     1541     
 158.5   452     10101    -1.76191   -1.51313   0.248781    4120     1549     
 159.792 454     10150    -1.7618    -1.51367   0.248139    4169     1558     
 161.26  457     10207    -1.7618    -1.51395   0.247856    4226     1564     
 162.32  459     10261    -1.76177   -1.51422   0.247557    4280     1569     
 163.21  460     10300    -1.76173   -1.51423   0.247501    4319     1573     
 165.215 462     10350    -1.76138   -1.51428   0.247101    4369     1583     
 167.45  464     10400    -1.76138   -1.51461   0.246777    4253     1587     
 169.665 466     10463    -1.76138   -1.51506   0.246324    4316     1601     
 170.719 467     10500    -1.76138   -1.51508   0.246308    4353     1607     
 172.661 470     10563    -1.76138   -1.51539   0.245995    4416     1613     
 173.711 471     10600    -1.76138   -1.5155    0.245885    4453     1619     
 174.713 473     10650    -1.76135   -1.51562   0.245733    4503     1622     
 176.585 476     10709    -1.76116   -1.51615   0.245006    4562     1629     
 177.497 477     10750    -1.76112   -1.51617   0.244956    4603     1633     
 178.721 479     10800    -1.76112   -1.5163    0.244821    4653     1638     
 181.825 481     10853    -1.76112   -1.51649   0.244624    4587     1645     
 183.6   483     10903    -1.76112   -1.51677   0.244344    4637     1654     
 184.782 485     10957    -1.76112   -1.51718   0.243937    4691     1659     
 186.005 487     11011    -1.76111   -1.5173    0.243807    4745     1664     
 187.542 489     11050    -1.76111   -1.51733   0.243781    4784     1671     
 188.699 490     11100    -1.76111   -1.51748   0.243631    4834     1675     
 189.935 492     11150    -1.76106   -1.51769   0.243362    4884     1680     
 191.8   494     11201    -1.76105   -1.51819   0.242858    4935     1686     
 193.212 496     11255    -1.76101   -1.51841   0.242599    4989     1691     
 195.584 498     11300    -1.761     -1.51844   0.242558    4890     1693     
 196.699 500     11353    -1.76099   -1.51853   0.242457    4943     1697     
 198.761 502     11409    -1.76096   -1.51859   0.24237     4999     1704     
 199.79  503     11450    -1.76096   -1.51861   0.242347    5040     1710     
 200.915 505     11500    -1.76096   -1.51862   0.242337    5090     1713     
 202.27  507     11550    -1.76096   -1.51868   0.242275    5140     1716     
 203.85  509     11600    -1.76094   -1.51877   0.242172    5190     1722     
 205.12  511     11650    -1.76094   -1.51897   0.24197     5240     1728     
 207.18  513     11705    -1.76088   -1.51915   0.241724    5295     1735     
 210.474 515     11763    -1.76088   -1.51932   0.241554    5168     1742     
 211.21  516     11800    -1.76088   -1.51934   0.241538    5205     1744     
 212.658 518     11850    -1.76051   -1.51966   0.240845    5255     1748     
 214.633 520     11900    -1.76051   -1.51976   0.240751    5305     1754     
 215.566 522     11950    -1.7605    -1.51985   0.240646    5355     1755     
 216.67  524     12000    -1.7605    -1.51993   0.240564    5405     1758     
 218.037 526     12050    -1.7605    -1.51994   0.240555    5455     1763     
 237.35  528     12101    -1.76036   -1.52013   0.240224    5165     1773     
 239.81  530     12159    -1.76036   -1.52142   0.23894     5223     1785     
 240.9   531     12200    -1.76036   -1.52143   0.23893     5264     1793     
-------------------------------------------------------------------------------

SARSOP finishing ...
  Preset timeout reached
  Timeout     : 240.000000s
  Actual Time : 240.900000s

-------------------------------------------------------------------------------
 Time   |#Trial |#Backup |LBound    |UBound    |Precision  |#Alphas |#Beliefs  
-------------------------------------------------------------------------------
 242.894 531     12200    -1.76036   -1.52143   0.23893     5229     1793     
-------------------------------------------------------------------------------

Writing out policy ...
  output file : policy.out

Generating a pomdpx file: model.pomdpx
