
Loading the model ...
  input file   : model.pomdpx
  loading time : 0.79s 

SARSOP initializing ...
  initialization time : 0.23s

-------------------------------------------------------------------------------
 Time   |#Trial |#Backup |LBound    |UBound    |Precision  |#Alphas |#Beliefs  
-------------------------------------------------------------------------------
 0.228   0       0        -4.79701   -0.365309  4.4317      9        1        
 0.251   3       50       -2.32605   -0.6405    1.68555     49       18       
 0.272   6       100      -2.32605   -0.753151  1.5729      76       32       
 0.315   9       151      -2.32605   -0.843998  1.48206     105      47       
 0.355   12      203      -2.32605   -0.885896  1.44016     144      71       
 0.388   15      250      -2.27064   -0.973131  1.29751     176      84       
 0.435   18      300      -2.256     -1.01384   1.24215     206      96       
 0.494   21      350      -2.256     -1.02949   1.22651     242      112      
 0.553   24      400      -2.256     -1.04501   1.21099     274      124      
 0.622   27      450      -2.256     -1.07452   1.18148     303      140      
 0.721   31      500      -2.25344   -1.11868   1.13476     327      159      
 0.795   34      553      -2.25344   -1.13613   1.11731     366      172      
 0.871   37      603      -2.20212   -1.17191   1.03021     401      181      
 0.954   40      651      -2.20212   -1.18401   1.0181      427      194      
 1.11    43      709      -2.20212   -1.1987    1.00342     455      211      
 1.217   45      755      -2.16841   -1.20597   0.962439    494      219      
 1.358   47      800      -2.16841   -1.22385   0.944561    539      234      
 1.521   51      857      -2.16841   -1.23577   0.932642    577      246      
 1.655   54      900      -2.16841   -1.24533   0.923075    592      255      
 1.823   56      950      -2.16841   -1.25112   0.917292    617      269      
 2.005   59      1001     -2.16841   -1.26355   0.904855    642      281      
 2.154   62      1055     -2.16444   -1.2656    0.898832    673      291      
 2.268   65      1100     -2.16444   -1.26939   0.895045    718      299      
 2.463   68      1150     -2.16444   -1.28329   0.881146    736      312      
 2.691   71      1205     -2.16322   -1.29055   0.872663    762      324      
 2.803   74      1250     -2.16322   -1.29709   0.866123    807      330      
 3.034   77      1305     -2.15439   -1.30421   0.850176    838      340      
 3.315   80      1357     -2.15439   -1.31086   0.843525    851      355      
 3.521   82      1405     -2.14977   -1.31803   0.831744    899      363      
 3.759   84      1450     -2.14925   -1.32127   0.827973    922      373      
 3.988   87      1505     -2.14764   -1.32407   0.823569    977      383      
 4.18    90      1550     -2.14712   -1.32918   0.81794     1002     387      
 4.451   93      1607     -2.14684   -1.33329   0.813544    1059     398      
 4.706   95      1650     -2.14684   -1.33555   0.811289    1068     410      
 5.077   97      1700     -2.14684   -1.3373    0.80954     1118     421      
 6.133   100     1757     -2.13461   -1.33935   0.795259    1090     428      
 6.354   102     1800     -2.13397   -1.34298   0.790991    1133     436      
 6.626   105     1850     -2.13397   -1.3467    0.787271    1183     443      
 7.215   108     1907     -2.13397   -1.34885   0.785115    1198     457      
 7.581   110     1953     -2.12824   -1.35249   0.775746    1244     467      
 7.983   112     2001     -2.12812   -1.35564   0.772473    1256     476      
 8.194   114     2050     -2.05699   -1.36031   0.696683    1305     484      
 8.462   116     2100     -1.99688   -1.36087   0.636009    1355     490      
 8.953   118     2150     -1.99246   -1.36176   0.630701    1384     502      
 9.346   120     2200     -1.89202   -1.36195   0.530065    1434     510      
 9.857   123     2255     -1.89021   -1.36575   0.52446     1463     517      
 10.191  125     2300     -1.88795   -1.36589   0.522052    1508     527      
 10.674  127     2350     -1.87895   -1.36917   0.509783    1558     537      
 11.192  130     2401     -1.86642   -1.3736    0.492822    1571     544      
 11.458  133     2450     -1.86642   -1.37632   0.490105    1620     549      
 13.184  135     2501     -1.85596   -1.37817   0.477782    616      559      
 13.329  138     2551     -1.85554   -1.38211   0.473435    666      565      
 13.578  140     2600     -1.85554   -1.38265   0.472898    689      573      
 13.773  144     2650     -1.85426   -1.38304   0.471212    716      581      
 14.002  146     2707     -1.85401   -1.38879   0.46522     744      586      
 14.151  149     2753     -1.85187   -1.39234   0.459534    790      589      
 14.331  151     2800     -1.8518    -1.39377   0.458025    820      596      
 14.567  153     2850     -1.85006   -1.39493   0.455134    870      604      
 14.864  155     2900     -1.84892   -1.39565   0.453276    894      612      
 15.144  157     2950     -1.8485    -1.39656   0.451941    944      618      
 15.569  160     3011     -1.8485    -1.39763   0.450871    980      628      
 15.821  162     3050     -1.84776   -1.39842   0.449341    1019     636      
 16.204  164     3107     -1.84776   -1.39914   0.448623    1037     647      
 16.513  166     3150     -1.84776   -1.40143   0.446334    1080     656      
 16.863  168     3200     -1.84695   -1.40261   0.444342    1082     664      
 17.146  170     3250     -1.84675   -1.40487   0.441881    1132     672      
 17.532  172     3301     -1.84615   -1.40654   0.439617    1156     681      
 17.844  174     3350     -1.84615   -1.40905   0.437106    1205     688      
 18.248  176     3400     -1.84604   -1.4093    0.436736    1235     694      
 18.619  179     3450     -1.84582   -1.40983   0.435994    1285     704      
 18.855  181     3500     -1.84579   -1.41046   0.435337    1335     707      
 19.262  183     3550     -1.84517   -1.41098   0.434191    1354     714      
 19.663  185     3600     -1.84512   -1.4116    0.433516    1404     722      
 20.086  187     3650     -1.84492   -1.41274   0.432173    1454     728      
 20.684  189     3700     -1.84492   -1.41349   0.431425    1462     737      
 20.993  191     3750     -1.84467   -1.41401   0.430653    1512     740      
 21.547  194     3800     -1.84454   -1.41491   0.429635    1525     746      
 21.995  196     3850     -1.84454   -1.41668   0.427865    1575     754      
 22.582  199     3913     -1.84382   -1.41893   0.424885    1638     763      
 23.112  200     3950     -1.84382   -1.41895   0.424867    1633     769      
 25.627  203     4011     -1.84382   -1.42122   0.422596    1284     780      
 26.042  205     4061     -1.84245   -1.4219    0.420546    1334     785      
 26.427  207     4111     -1.8423    -1.42273   0.419571    1384     791      
 26.828  209     4157     -1.84227   -1.42303   0.419235    1419     795      
 27.202  211     4209     -1.816     -1.4242    0.3918      1471     801      
 27.675  213     4259     -1.816     -1.42848   0.387522    1521     808      
 28.199  215     4300     -1.816     -1.43473   0.381276    1510     816      
 28.678  219     4357     -1.816     -1.44472   0.371284    1567     824      
 28.864  223     4403     -1.816     -1.4489    0.367106    1613     828      
 29.571  225     4450     -1.816     -1.45068   0.365318    1579     834      
 30.092  227     4500     -1.816     -1.45388   0.362124    1629     845      
 30.755  229     4550     -1.81096   -1.45508   0.355878    1679     852      
 31.32   231     4600     -1.80975   -1.45623   0.353512    1683     857      
 31.799  233     4650     -1.80942   -1.45667   0.352748    1733     864      
 32.218  235     4700     -1.80852   -1.45858   0.349945    1783     870      
 32.847  237     4750     -1.80744   -1.45892   0.348524    1833     878      
 33.694  240     4805     -1.80744   -1.4621    0.345343    1866     889      
 34.26   242     4857     -1.80721   -1.46229   0.344918    1918     897      
 34.961  244     4913     -1.80692   -1.46341   0.343505    1974     906      
 35.623  245     4950     -1.80692   -1.46359   0.343325    1957     913      
 36.318  247     5000     -1.80677   -1.46431   0.342463    2007     921      
 36.885  250     5050     -1.80677   -1.46614   0.340629    2057     926      
 37.555  252     5100     -1.80664   -1.4664    0.340244    2107     933      
 38.515  254     5150     -1.80628   -1.4668    0.339475    2122     940      
 39.22   256     5200     -1.80611   -1.46733   0.338783    2172     945      
 39.922  259     5250     -1.80611   -1.46777   0.338337    2222     953      
 43.679  261     5300     -1.80432   -1.46846   0.335862    1584     960      
 44.091  263     5353     -1.80432   -1.46972   0.334605    1637     967      
 44.591  265     5405     -1.80408   -1.46987   0.334213    1689     972      
 45.738  267     5461     -1.80408   -1.4704    0.333682    1699     984      
 46.188  269     5513     -1.80394   -1.47153   0.332411    1751     992      
 46.691  271     5559     -1.80394   -1.47284   0.331108    1797     1001     
 47.181  273     5613     -1.80383   -1.47298   0.330847    1851     1006     
 47.695  274     5650     -1.80378   -1.47306   0.330719    1856     1010     
 48.226  276     5700     -1.80372   -1.47336   0.330362    1906     1015     
 48.59   278     5750     -1.80372   -1.47365   0.330065    1956     1019     
 49.253  281     5803     -1.80357   -1.47454   0.329031    2009     1025     
 50.393  283     5859     -1.80357   -1.47465   0.328919    2020     1035     
 51.02   285     5900     -1.80357   -1.47469   0.328872    2061     1041     
 51.649  286     5950     -1.80309   -1.47576   0.327331    2111     1047     
 52.342  289     6009     -1.80299   -1.47579   0.327201    2170     1054     
 53.176  291     6061     -1.80298   -1.47619   0.326787    2144     1060     
 53.764  293     6109     -1.80298   -1.47623   0.326747    2192     1063     
 54.537  295     6163     -1.80259   -1.47678   0.325813    2246     1072     
 55.115  297     6200     -1.80259   -1.47732   0.325276    2283     1078     
 56.376  299     6250     -1.80234   -1.4776    0.324735    2279     1086     
 57.024  301     6301     -1.80231   -1.47801   0.324299    2330     1093     
 57.85   303     6353     -1.80217   -1.47858   0.323593    2382     1098     
 58.428  305     6407     -1.80217   -1.47864   0.323526    2436     1103     
 59.173  307     6459     -1.80213   -1.47907   0.323062    2488     1107     
 60.22   309     6500     -1.80213   -1.47907   0.323061    2463     1115     
 60.899  310     6550     -1.80199   -1.47929   0.322703    2513     1119     
 61.603  312     6600     -1.80186   -1.47936   0.322503    2563     1124     
 62.391  315     6651     -1.80186   -1.47977   0.322091    2614     1128     
 63.348  317     6705     -1.80183   -1.48025   0.321584    2668     1134     
 64.683  319     6750     -1.80183   -1.48033   0.321506    2645     1141     
 65.74   321     6801     -1.80166   -1.48058   0.321079    2696     1149     
 66.588  323     6857     -1.80165   -1.48069   0.320952    2752     1158     
 67.423  325     6907     -1.80159   -1.48093   0.320665    2802     1163     
 68.224  327     6959     -1.80159   -1.48102   0.320569    2854     1169     
 74.718  329     7011     -1.80159   -1.4811    0.320481    2498     1174     
 75.194  331     7050     -1.80157   -1.48119   0.320385    2537     1179     
 75.768  332     7100     -1.80157   -1.48123   0.320344    2587     1183     
 76.862  334     7150     -1.80148   -1.48159   0.319892    2637     1191     
 77.714  336     7200     -1.80147   -1.4817    0.319776    2687     1195     
 78.347  338     7251     -1.7731    -1.48176   0.291342    2738     1200     
 79.965  340     7305     -1.77235   -1.48219   0.290161    2716     1207     
 80.461  342     7350     -1.77021   -1.48224   0.287973    2761     1210     
 81.673  344     7400     -1.76979   -1.48234   0.287444    2811     1218     
 83.275  346     7453     -1.76979   -1.48297   0.28682     2864     1235     
 84.378  348     7507     -1.76974   -1.48301   0.286727    2918     1241     
 85.919  350     7561     -1.76933   -1.48353   0.285798    2904     1249     
 86.486  351     7600     -1.76875   -1.48354   0.28521     2943     1253     
 87.649  353     7650     -1.76818   -1.48386   0.284322    2993     1260     
 88.506  355     7700     -1.76737   -1.48452   0.282852    3043     1264     
 89.506  358     7750     -1.76737   -1.48473   0.282637    3093     1270     
 90.402  359     7800     -1.76721   -1.48476   0.282444    3143     1274     
 91.885  361     7850     -1.76721   -1.48483   0.282376    3112     1278     
 92.754  363     7900     -1.76721   -1.4849    0.282309    3162     1281     
 93.618  365     7950     -1.76679   -1.48506   0.281727    3212     1286     
 94.366  367     8000     -1.76618   -1.48528   0.280901    3262     1291     
 95.294  369     8050     -1.7655    -1.48568   0.279815    3312     1295     
 96.271  371     8100     -1.76537   -1.48586   0.279512    3362     1302     
 98.248  373     8151     -1.76507   -1.48609   0.278978    3305     1307     
 98.998  375     8200     -1.76507   -1.48624   0.278828    3354     1310     
 99.695  377     8250     -1.76505   -1.48628   0.278772    3404     1313     
 101.098 379     8301     -1.76404   -1.48658   0.277455    3455     1319     
 102.071 381     8355     -1.76387   -1.48667   0.277203    3509     1324     
 103.388 383     8400     -1.76387   -1.48677   0.277098    3554     1334     
 104.417 384     8450     -1.76366   -1.48689   0.276775    3604     1336     
 106.097 386     8500     -1.76365   -1.48691   0.276745    3559     1339     
 107.563 388     8550     -1.76326   -1.48769   0.275579    3609     1347     
 108.342 390     8600     -1.76322   -1.48787   0.275355    3659     1351     
 109.961 392     8653     -1.76317   -1.48826   0.274914    3712     1363     
 111.733 394     8703     -1.76317   -1.48885   0.27432     3762     1371     
 113.125 396     8757     -1.76317   -1.48926   0.273908    3816     1380     
 113.93  398     8805     -1.76305   -1.48934   0.273714    3864     1383     
 116.267 400     8855     -1.76298   -1.48966   0.273321    3806     1389     
 117.443 402     8900     -1.76298   -1.49002   0.272956    3851     1398     
 118.352 404     8950     -1.76272   -1.4901    0.272617    3901     1402     
 119.714 406     9000     -1.76258   -1.49025   0.27233     3951     1408     
 129.986 408     9050     -1.76254   -1.49043   0.272109    3423     1412     
 130.594 410     9100     -1.76254   -1.49064   0.271899    3473     1413     
 132.041 412     9150     -1.76254   -1.49065   0.271891    3523     1418     
 133.111 414     9200     -1.76248   -1.49078   0.271701    3573     1425     
 134.119 416     9250     -1.76248   -1.49147   0.271007    3623     1431     
 135.269 418     9300     -1.76242   -1.4915    0.270917    3673     1436     
 136.211 420     9350     -1.76242   -1.49158   0.270843    3723     1440     
 138.107 422     9400     -1.76242   -1.49499   0.267429    3631     1443     
 140.177 425     9461     -1.76242   -1.49833   0.264089    3692     1455     
 141.625 427     9503     -1.76242   -1.50233   0.260091    3734     1464     
 143.551 429     9550     -1.76242   -1.50515   0.257274    3781     1478     
 144.698 432     9600     -1.76242   -1.50771   0.254716    3831     1485     
 145.873 435     9655     -1.76242   -1.50936   0.253065    3886     1490     
 146.956 437     9707     -1.76235   -1.51004   0.252307    3938     1497     
 148.68  439     9761     -1.76233   -1.51067   0.251658    3992     1506     
 150.921 440     9800     -1.76233   -1.51075   0.251579    3903     1513     
 152.357 442     9850     -1.76199   -1.51115   0.250846    3953     1521     
 154.146 445     9913     -1.76199   -1.51213   0.24986     4016     1529     
 154.924 446     9950     -1.76191   -1.51264   0.249272    4053     1534     
 155.897 448     10000    -1.76191   -1.51273   0.24918     4103     1538     
 157.157 450     10050    -1.76191   -1.51298   0.248925    4153     1541     
 158.536 452     10101    -1.76191   -1.51313   0.248781    4204     1549     
 161.042 454     10150    -1.7618    -1.51367   0.248139    4091     1558     
 162.583 457     10207    -1.7618    -1.51395   0.247856    4148     1564     
 163.653 459     10261    -1.76177   -1.51422   0.247557    4202     1569     
 164.492 460     10300    -1.76173   -1.51423   0.247501    4241     1573     
 166.537 462     10350    -1.76138   -1.51428   0.247101    4291     1583     
 167.571 464     10400    -1.76138   -1.51461   0.246777    4341     1587     
 169.772 466     10463    -1.76138   -1.51506   0.246324    4404     1601     
 170.813 467     10500    -1.76138   -1.51508   0.246308    4441     1607     
 174.155 470     10563    -1.76138   -1.51539   0.245995    4377     1613     
 175.204 471     10600    -1.76138   -1.5155    0.245885    4414     1619     
 176.201 473     10650    -1.76135   -1.51562   0.245733    4464     1622     
 178.14  476     10709    -1.76116   -1.51615   0.245006    4523     1629     
 179.065 477     10750    -1.76112   -1.51617   0.244956    4564     1633     
 180.259 479     10800    -1.76112   -1.5163    0.244821    4614     1638     
 182.102 481     10853    -1.76112   -1.51649   0.244624    4667     1645     
 183.882 483     10903    -1.76112   -1.51677   0.244344    4717     1654     
 185.088 485     10957    -1.76112   -1.51718   0.243937    4771     1659     
 187.808 487     11011    -1.76111   -1.5173    0.243807    4696     1664     
 189.354 489     11050    -1.76111   -1.51733   0.243781    4735     1671     
 190.443 490     11100    -1.76111   -1.51748   0.243631    4785     1675     
 191.721 492     11150    -1.76106   -1.51769   0.243362    4835     1680     
 193.636 494     11201    -1.76105   -1.51819   0.242858    4886     1686     
 195.002 496     11255    -1.76101   -1.51841   0.242599    4940     1691     
 195.86  498     11300    -1.761     -1.51844   0.242558    4985     1693     
 197.007 500     11353    -1.76099   -1.51853   0.242457    5038     1697     
 199.083 502     11409    -1.76096   -1.51859   0.24237     5094     1704     
 200.126 503     11450    -1.76096   -1.51861   0.242347    5135     1710     
 203.005 505     11500    -1.76096   -1.51862   0.242337    5033     1713     
 204.359 507     11550    -1.76096   -1.51868   0.242275    5083     1716     
 205.97  509     11600    -1.76094   -1.51877   0.242172    5133     1722     
 207.28  511     11650    -1.76094   -1.51897   0.24197     5183     1728     
 209.368 513     11705    -1.76088   -1.51915   0.241724    5238     1735     
 210.885 515     11763    -1.76088   -1.51932   0.241554    5296     1742     
 211.668 516     11800    -1.76088   -1.51934   0.241538    5333     1744     
 213.153 518     11850    -1.76051   -1.51966   0.240845    5383     1748     
 231.22  520     11900    -1.76051   -1.51976   0.240751    5095     1754     
 232.166 522     11950    -1.7605    -1.51985   0.240646    5145     1755     
 233.252 524     12000    -1.7605    -1.51993   0.240564    5195     1758     
 234.569 526     12050    -1.7605    -1.51994   0.240555    5245     1763     
 236.739 528     12101    -1.76036   -1.52013   0.240224    5296     1773     
 239.257 530     12159    -1.76036   -1.52142   0.23894     5354     1785     
 240.4   531     12200    -1.76036   -1.52143   0.23893     5395     1793     
 241.752 533     12250    -1.76022   -1.52147   0.238752    5445     1797     
 243.309 535     12300    -1.76022   -1.52154   0.23868     5495     1799     
 244.724 538     12357    -1.7602    -1.52207   0.238133    5552     1804     
 247.954 540     12411    -1.76019   -1.52211   0.238082    5421     1807     
 249.539 541     12450    -1.76019   -1.52211   0.238082    5460     1814     
 250.957 543     12500    -1.76019   -1.52228   0.237914    5510     1817     
 252.732 545     12550    -1.76016   -1.52246   0.2377      5560     1825     
 254.17  547     12600    -1.76003   -1.52277   0.237252    5610     1829     
 255.636 549     12650    -1.76002   -1.52279   0.23723     5660     1832     
 257.034 551     12700    -1.76002   -1.5228    0.237223    5710     1836     
 258.638 553     12757    -1.76001   -1.52286   0.23715     5767     1842     
 260.79  555     12813    -1.76      -1.52291   0.237088    5823     1848     
 261.691 557     12850    -1.75998   -1.52325   0.236727    5860     1850     
 263.807 559     12900    -1.75992   -1.52354   0.236385    5910     1856     
 265.039 561     12950    -1.75992   -1.52359   0.236337    5960     1861     
 269.229 563     13003    -1.75992   -1.52488   0.235045    5805     1870     
 270.722 566     13050    -1.75992   -1.52679   0.233129    5852     1874     
 272.638 568     13100    -1.75992   -1.52785   0.232073    5902     1882     
 275.007 570     13157    -1.75992   -1.52883   0.231092    5959     1893     
 277.16  571     13200    -1.75992   -1.52908   0.23084     6002     1901     
 279.442 573     13250    -1.75988   -1.52925   0.230633    6052     1909     
 281.475 575     13303    -1.75987   -1.52941   0.230466    6105     1916     
 283.118 578     13359    -1.75987   -1.52953   0.23034     6161     1921     
 285.103 580     13407    -1.75987   -1.52981   0.230061    6209     1923     
 286.614 582     13455    -1.75987   -1.52983   0.230041    6257     1927     
 287.804 584     13503    -1.75987   -1.52994   0.229923    6305     1930     
 292.014 586     13555    -1.75987   -1.53009   0.229774    6138     1935     
 295.064 588     13613    -1.75982   -1.53059   0.22923     6196     1945     
 296.412 590     13650    -1.75982   -1.53063   0.229191    6233     1951     
 297.641 592     13700    -1.75982   -1.53098   0.228834    6283     1955     
 299.892 594     13753    -1.75982   -1.5311    0.22872     6336     1963     
 302     596     13800    -1.75977   -1.53126   0.228513    6383     1967     
 304.183 598     13855    -1.75977   -1.53134   0.228434    6438     1975     
 306.772 600     13909    -1.75977   -1.5315    0.22827     6492     1983     
 308.171 601     13950    -1.75977   -1.53152   0.228247    6533     1988     
 310.263 603     14000    -1.75976   -1.53169   0.22807     6583     1992     
 312.225 605     14050    -1.75975   -1.53173   0.228018    6633     1997     
 314.096 607     14100    -1.75974   -1.53178   0.227966    6683     2002     
 320.704 609     14157    -1.75974   -1.53186   0.227882    6524     2012     
 322.924 611     14200    -1.75967   -1.53191   0.227762    6567     2016     
 324.425 612     14250    -1.75966   -1.53197   0.227695    6617     2021     
 326.476 614     14305    -1.75966   -1.53219   0.227463    6672     2028     
 328.227 616     14361    -1.75959   -1.53226   0.227329    6728     2032     
 330.13  617     14400    -1.75959   -1.53227   0.227322    6767     2035     
 331.677 619     14450    -1.75959   -1.53229   0.227305    6817     2038     
 333.575 621     14500    -1.75959   -1.53231   0.227282    6867     2042     
 335.322 623     14555    -1.75959   -1.53232   0.227267    6922     2047     
 337.843 625     14611    -1.75959   -1.53238   0.227209    6978     2053     
 339.112 627     14651    -1.75959   -1.53247   0.22712     7018     2057     
 341.13  629     14707    -1.75958   -1.53262   0.226966    7074     2063     
 342.997 631     14750    -1.75958   -1.53263   0.226954    7117     2070     
 347.431 632     14800    -1.75732   -1.53372   0.223599    6993     2071     
 349.461 635     14850    -1.75732   -1.53637   0.220953    7043     2077     
 351.747 639     14900    -1.75732   -1.54143   0.215889    7093     2086     
 353.273 642     14951    -1.75732   -1.54764   0.209677    7144     2090     
 355.416 644     15000    -1.75732   -1.54833   0.20899     7193     2097     
 358.449 647     15053    -1.75732   -1.54936   0.20796     7246     2103     
 359.96  649     15100    -1.75723   -1.5497    0.207533    7293     2107     
 361.82  652     15150    -1.75713   -1.55024   0.206893    7343     2111     
 364.839 654     15200    -1.75701   -1.55058   0.206426    7393     2124     
 368.098 657     15257    -1.75696   -1.55108   0.205874    7450     2132     
 371.056 659     15300    -1.75696   -1.5513    0.205656    7493     2137     
 372.593 660     15350    -1.75694   -1.55137   0.205567    7543     2139     
 405.301 662     15401    -1.75694   -1.55141   0.205527    7181     2147     
 407.024 664     15451    -1.7568    -1.55203   0.204769    7231     2151     
 410.192 666     15507    -1.75671   -1.55276   0.203953    7287     2158     
 412.636 668     15563    -1.75669   -1.55302   0.203667    7343     2166     
 414.645 669     15600    -1.75669   -1.55303   0.203659    7380     2171     
 416.503 671     15650    -1.75669   -1.55311   0.203573    7430     2178     
 420.291 673     15705    -1.75659   -1.55352   0.203067    7485     2188     
 421.451 675     15750    -1.75655   -1.55413   0.202427    7530     2191     
 424.546 677     15807    -1.75655   -1.5544    0.202148    7587     2201     
 427.363 679     15863    -1.75655   -1.55469   0.201864    7643     2209     
 429.025 680     15900    -1.75655   -1.55469   0.201858    7680     2214     
 431.989 682     15950    -1.75647   -1.55471   0.201757    7730     2220     
 434.739 684     16007    -1.75646   -1.55491   0.201547    7787     2228     
 437.12  685     16050    -1.75641   -1.55492   0.201498    7830     2236     
 439.231 687     16100    -1.75641   -1.5552    0.201213    7880     2240     
 446.143 689     16150    -1.75641   -1.5553    0.201116    7651     2247     
 449.754 691     16200    -1.75641   -1.55585   0.200559    7701     2258     
 451.773 693     16250    -1.75639   -1.55594   0.20045     7751     2261     
 453.817 695     16300    -1.75636   -1.55639   0.199971    7801     2266     
 456.277 697     16350    -1.75628   -1.55751   0.198774    7851     2273     
 458.942 699     16401    -1.75626   -1.55757   0.198689    7902     2277     
 461.606 701     16457    -1.75626   -1.55784   0.198415    7958     2283     
 463.004 703     16507    -1.75626   -1.55785   0.198408    8008     2285     
 464.832 704     16550    -1.75626   -1.55785   0.198405    8051     2291     
 466.564 706     16600    -1.75621   -1.5579    0.198311    8101     2294     
 469.196 708     16650    -1.7562    -1.55797   0.198234    8151     2299     
 471.504 710     16705    -1.75619   -1.55817   0.198021    8206     2304     
 473.344 712     16755    -1.75619   -1.55827   0.197921    8256     2308     
 475.187 714     16809    -1.75619   -1.55828   0.197903    8310     2313     
 477.024 715     16850    -1.75619   -1.55828   0.197903    8351     2319     
 484.086 717     16900    -1.75618   -1.55835   0.197832    8020     2322     
 486.228 719     16950    -1.75618   -1.55844   0.197739    8070     2327     
 488.904 721     17000    -1.75618   -1.55888   0.197302    8120     2337     
 491.121 724     17057    -1.75618   -1.55902   0.197159    8177     2342     
 493.307 725     17100    -1.75618   -1.55905   0.197134    8220     2349     
 495.992 727     17150    -1.75618   -1.55915   0.197038    8270     2351     
 498.026 729     17200    -1.75618   -1.55918   0.196992    8320     2354     
 500.678 731     17253    -1.75611   -1.5593    0.196812    8373     2360     
 502.973 733     17311    -1.75611   -1.55934   0.196765    8431     2366     
 504.458 734     17350    -1.75611   -1.55935   0.196763    8470     2370     
 507.415 736     17400    -1.75611   -1.55935   0.196759    8520     2374     
 509.453 738     17451    -1.75611   -1.55936   0.196748    8571     2378     
 512.277 740     17509    -1.75611   -1.55938   0.196728    8629     2386     
 514.149 741     17550    -1.75611   -1.55942   0.196694    8670     2391     
 516.17  743     17600    -1.75611   -1.55949   0.196621    8720     2395     
 519.923 745     17653    -1.7561    -1.55957   0.196538    8773     2401     
 527.228 747     17707    -1.7561    -1.55967   0.196435    8397     2406     
 529.58  749     17750    -1.7561    -1.5597    0.196408    8440     2416     
 532.847 750     17800    -1.75598   -1.56009   0.195889    8490     2422     
 536.729 752     17851    -1.75598   -1.56018   0.195796    8541     2432     
 539.013 754     17903    -1.75597   -1.56044   0.195528    8593     2438     
 541.326 756     17959    -1.75596   -1.56048   0.195481    8649     2444     
 543.487 757     18000    -1.75596   -1.5605    0.195457    8690     2450     
 545.382 759     18050    -1.75595   -1.56058   0.195376    8740     2454     
 548.052 761     18100    -1.75595   -1.56059   0.195359    8790     2457     
 550.647 763     18155    -1.75589   -1.56073   0.195165    8845     2462     
 552.879 765     18207    -1.75589   -1.56074   0.195156    8897     2466     
 555.927 767     18263    -1.75589   -1.56088   0.195004    8953     2473     
 557.729 769     18300    -1.75589   -1.56088   0.195003    8990     2476     
 561.026 770     18350    -1.75589   -1.56091   0.194976    9040     2481     
 563.37  772     18400    -1.75589   -1.56106   0.19482     9090     2485     
 565.591 774     18450    -1.75587   -1.56145   0.194418    9140     2489     
 568.793 776     18500    -1.75587   -1.56195   0.193916    9190     2496     
 576.526 778     18553    -1.75577   -1.56216   0.193611    8911     2501     
 580.015 780     18613    -1.75574   -1.56223   0.193518    8971     2506     
 581.782 781     18650    -1.75574   -1.56232   0.193424    9008     2510     
 584.084 783     18701    -1.75574   -1.56235   0.193393    9059     2515     
 586.333 785     18751    -1.75574   -1.56253   0.193215    9109     2518     
 588.434 787     18805    -1.75574   -1.56254   0.193207    9163     2523     
 590.918 789     18861    -1.75574   -1.56255   0.193197    9219     2527     
 593.546 791     18911    -1.75574   -1.56255   0.193195    9269     2529     
 595.256 792     18950    -1.75574   -1.56255   0.19319     9308     2532     
 597.708 794     19000    -1.75574   -1.56257   0.193168    9358     2537     
 600.202 796     19053    -1.75573   -1.56259   0.193138    9411     2543     
-------------------------------------------------------------------------------

SARSOP finishing ...
  Preset timeout reached
  Timeout     : 600.000000s
  Actual Time : 600.202000s

-------------------------------------------------------------------------------
 Time   |#Trial |#Backup |LBound    |UBound    |Precision  |#Alphas |#Beliefs  
-------------------------------------------------------------------------------
 605.751 796     19053    -1.75573   -1.56259   0.193138    9192     2543     
-------------------------------------------------------------------------------

Writing out policy ...
  output file : policy.out

Generating a pomdpx file: model.pomdpx
