
Loading the model ...
  input file   : model.pomdpx
  loading time : 0.83s 

SARSOP initializing ...
  initialization time : 0.17s

-------------------------------------------------------------------------------
 Time   |#Trial |#Backup |LBound    |UBound    |Precision  |#Alphas |#Beliefs  
-------------------------------------------------------------------------------
 0.169   0       0        -4.79701   -0.365309  4.4317      9        1        
 0.191   3       50       -2.32605   -0.6405    1.68555     49       18       
 0.214   6       100      -2.32605   -0.753151  1.5729      76       32       
 0.261   9       151      -2.32605   -0.843998  1.48206     105      47       
 0.33    12      203      -2.32605   -0.885896  1.44016     144      71       
 0.382   15      250      -2.27064   -0.973131  1.29751     176      84       
 0.44    18      300      -2.256     -1.01384   1.24215     206      96       
 0.502   21      350      -2.256     -1.02949   1.22651     242      112      
 0.564   24      400      -2.256     -1.04501   1.21099     274      124      
 0.631   27      450      -2.256     -1.07452   1.18148     303      140      
 0.728   31      500      -2.25344   -1.11868   1.13476     327      159      
 0.806   34      553      -2.25344   -1.13613   1.11731     366      172      
 0.89    37      603      -2.20212   -1.17191   1.03021     401      181      
 0.98    40      651      -2.20212   -1.18401   1.0181      427      194      
 1.141   43      709      -2.20212   -1.1987    1.00342     455      211      
 1.251   45      755      -2.16841   -1.20597   0.962439    494      219      
 1.377   47      800      -2.16841   -1.22385   0.944561    539      234      
 1.524   51      857      -2.16841   -1.23577   0.932642    577      246      
 1.652   54      900      -2.16841   -1.24533   0.923075    592      255      
 1.821   56      950      -2.16841   -1.25112   0.917292    617      269      
 2.02    59      1001     -2.16841   -1.26355   0.904855    642      281      
 2.175   62      1055     -2.16444   -1.2656    0.898832    673      291      
 2.29    65      1100     -2.16444   -1.26939   0.895045    718      299      
 2.49    68      1150     -2.16444   -1.28329   0.881146    736      312      
 2.807   71      1205     -2.16322   -1.29055   0.872663    762      324      
 2.941   74      1250     -2.16322   -1.29709   0.866123    807      330      
 3.186   77      1305     -2.15439   -1.30421   0.850176    838      340      
 3.444   80      1357     -2.15439   -1.31086   0.843525    851      355      
 3.646   82      1405     -2.14977   -1.31803   0.831744    899      363      
 3.89    84      1450     -2.14925   -1.32127   0.827973    922      373      
 4.122   87      1505     -2.14764   -1.32407   0.823569    977      383      
 4.315   90      1550     -2.14712   -1.32918   0.81794     1002     387      
 4.57    93      1607     -2.14684   -1.33329   0.813544    1059     398      
 4.831   95      1650     -2.14684   -1.33555   0.811289    1068     410      
 5.807   97      1700     -2.14684   -1.3373    0.80954     1047     421      
 6.152   100     1757     -2.13461   -1.33935   0.795259    1104     428      
 6.371   102     1800     -2.13397   -1.34298   0.790991    1147     436      
 6.701   105     1850     -2.13397   -1.3467    0.787271    1160     443      
 7.189   108     1907     -2.13397   -1.34885   0.785115    1217     457      
 7.683   110     1953     -2.12824   -1.35249   0.775746    1224     467      
 8.079   112     2001     -2.12812   -1.35564   0.772473    1272     476      
 8.294   114     2050     -2.05699   -1.36031   0.696683    1321     484      
 8.651   116     2100     -1.99688   -1.36087   0.636009    1336     490      
 9.05    118     2150     -1.99246   -1.36176   0.630701    1386     502      
 9.559   120     2200     -1.89202   -1.36195   0.530065    1420     510      
 9.962   123     2255     -1.89021   -1.36575   0.52446     1475     517      
 10.305  125     2300     -1.88795   -1.36589   0.522052    1520     527      
 10.938  127     2350     -1.87895   -1.36917   0.509783    1536     537      
 12.418  130     2401     -1.86642   -1.3736    0.492822    659      544      
 12.531  133     2450     -1.86642   -1.37632   0.490105    708      549      
 12.808  135     2501     -1.85596   -1.37817   0.477782    739      559      
 13.026  138     2551     -1.85554   -1.38211   0.473435    761      565      
 13.277  140     2600     -1.85554   -1.38265   0.472898    810      573      
 13.537  144     2650     -1.85426   -1.38304   0.471212    832      581      
 13.78   146     2707     -1.85401   -1.38879   0.46522     889      586      
 13.982  149     2753     -1.85187   -1.39234   0.459534    902      589      
 14.193  151     2800     -1.8518    -1.39377   0.458025    928      596      
 14.474  153     2850     -1.85006   -1.39493   0.455134    978      604      
 14.87   155     2900     -1.84892   -1.39565   0.453276    999      612      
 15.103  157     2950     -1.8485    -1.39656   0.451941    1049     618      
 15.5    160     3011     -1.8485    -1.39763   0.450871    1073     628      
 15.758  162     3050     -1.84776   -1.39842   0.449341    1112     636      
 16.139  164     3107     -1.84776   -1.39914   0.448623    1169     647      
 16.483  166     3150     -1.84776   -1.40143   0.446334    1162     656      
 16.784  168     3200     -1.84695   -1.40261   0.444342    1212     664      
 17.193  170     3250     -1.84675   -1.40487   0.441881    1229     672      
 17.531  172     3301     -1.84615   -1.40654   0.439617    1280     681      
 17.928  174     3350     -1.84615   -1.40905   0.437106    1329     688      
 18.395  176     3400     -1.84604   -1.4093    0.436736    1351     694      
 18.882  179     3450     -1.84582   -1.40983   0.435994    1401     704      
 19.135  181     3500     -1.84579   -1.41046   0.435337    1451     707      
 19.561  183     3550     -1.84517   -1.41098   0.434191    1471     714      
 19.99   185     3600     -1.84512   -1.4116    0.433516    1521     722      
 20.567  187     3650     -1.84492   -1.41274   0.432173    1531     728      
 21.032  189     3700     -1.84492   -1.41349   0.431425    1581     737      
 21.336  191     3750     -1.84467   -1.41401   0.430653    1631     740      
 21.7    194     3800     -1.84454   -1.41491   0.429635    1681     746      
 23.882  196     3850     -1.84454   -1.41668   0.427865    1214     754      
 24.361  199     3913     -1.84382   -1.41893   0.424885    1277     763      
 24.651  200     3950     -1.84382   -1.41895   0.424867    1314     769      
 25.338  203     4011     -1.84382   -1.42122   0.422596    1344     780      
 25.664  205     4061     -1.84245   -1.4219    0.420546    1394     785      
 26.133  207     4111     -1.8423    -1.42273   0.419571    1415     791      
 26.385  209     4157     -1.84227   -1.42303   0.419235    1461     795      
 26.77   211     4209     -1.816     -1.4242    0.3918      1513     801      
 27.371  213     4259     -1.816     -1.42848   0.387522    1520     808      
 27.702  215     4300     -1.816     -1.43473   0.381276    1561     816      
 28.253  219     4357     -1.816     -1.44472   0.371284    1618     824      
 28.416  223     4403     -1.816     -1.4489    0.367106    1664     828      
 28.978  225     4450     -1.816     -1.45068   0.365318    1626     834      
 29.508  227     4500     -1.816     -1.45388   0.362124    1676     845      
 29.903  229     4550     -1.81096   -1.45508   0.355878    1726     852      
 30.459  231     4600     -1.80975   -1.45623   0.353512    1726     857      
 30.967  233     4650     -1.80942   -1.45667   0.352748    1776     864      
 31.381  235     4700     -1.80852   -1.45858   0.349945    1826     870      
 32.232  237     4750     -1.80744   -1.45892   0.348524    1853     878      
 32.905  240     4805     -1.80744   -1.4621    0.345343    1908     889      
 33.458  242     4857     -1.80721   -1.46229   0.344918    1960     897      
 34.172  244     4913     -1.80692   -1.46341   0.343505    2016     906      
 34.941  245     4950     -1.80692   -1.46359   0.343325    2003     913      
 35.608  247     5000     -1.80677   -1.46431   0.342463    2053     921      
 36.114  250     5050     -1.80677   -1.46614   0.340629    2103     926      
 36.695  252     5100     -1.80664   -1.4664    0.340244    2153     933      
 37.511  254     5150     -1.80628   -1.4668    0.339475    2165     940      
 40.885  256     5200     -1.80611   -1.46733   0.338783    1537     945      
 41.383  259     5250     -1.80611   -1.46777   0.338337    1587     953      
 41.994  261     5300     -1.80432   -1.46846   0.335862    1637     960      
 42.413  263     5353     -1.80432   -1.46972   0.334605    1690     967      
 43.115  265     5405     -1.80408   -1.46987   0.334213    1687     972      
 44.02   267     5461     -1.80408   -1.4704    0.333682    1743     984      
 44.495  269     5513     -1.80394   -1.47153   0.332411    1795     992      
 45.154  271     5559     -1.80394   -1.47284   0.331108    1811     1001     
 45.64   272     5600     -1.80387   -1.47291   0.330966    1852     1007     
 46.047  274     5650     -1.80378   -1.47306   0.330719    1902     1010     
 46.828  276     5700     -1.80372   -1.47336   0.330362    1919     1016     
 47.166  278     5750     -1.80372   -1.47365   0.330064    1969     1020     
 47.764  280     5800     -1.80357   -1.4744    0.329164    2019     1026     
 48.669  283     5861     -1.80357   -1.47465   0.328917    2080     1036     
 49.48   284     5900     -1.80357   -1.47469   0.328871    2062     1041     
 50.087  286     5950     -1.80309   -1.47576   0.327331    2112     1048     
 50.859  289     6011     -1.80299   -1.47579   0.327201    2173     1055     
 51.331  291     6050     -1.80298   -1.47598   0.326999    2212     1061     
 52.226  293     6111     -1.80298   -1.47623   0.326746    2199     1064     
 52.808  294     6150     -1.80297   -1.47639   0.326573    2238     1073     
 53.555  297     6200     -1.80259   -1.47732   0.325276    2288     1079     
 54.482  299     6250     -1.80234   -1.47761   0.324732    2338     1087     
 55.183  301     6303     -1.80224   -1.47788   0.324363    2391     1093     
 56.278  303     6355     -1.80217   -1.47858   0.32359     2393     1099     
 56.804  305     6409     -1.80217   -1.47864   0.323523    2447     1104     
 57.484  307     6461     -1.80213   -1.47907   0.323062    2499     1108     
 58.086  308     6500     -1.80213   -1.47907   0.32306     2538     1115     
 59.271  310     6550     -1.80199   -1.47929   0.322703    2518     1118     
 59.854  312     6600     -1.80186   -1.47936   0.322504    2568     1123     
 60.742  315     6653     -1.80186   -1.47977   0.322089    2621     1129     
 61.587  317     6707     -1.80183   -1.48025   0.321585    2675     1135     
 62.297  319     6750     -1.80183   -1.48033   0.321506    2718     1142     
 63.854  321     6803     -1.80166   -1.48058   0.321078    2705     1150     
 64.644  323     6859     -1.80165   -1.4807    0.320951    2761     1159     
 70.342  325     6909     -1.80159   -1.48093   0.320665    2459     1164     
 71.005  327     6961     -1.80159   -1.48102   0.320567    2511     1170     
 71.507  329     7000     -1.80159   -1.48107   0.320518    2550     1175     
 72.229  330     7050     -1.80157   -1.48119   0.320385    2600     1179     
 72.829  332     7100     -1.80157   -1.48123   0.320342    2650     1183     
 73.819  334     7150     -1.80148   -1.48159   0.319892    2700     1190     
 75.146  336     7200     -1.80147   -1.4817    0.319774    2675     1196     
 75.798  338     7253     -1.7731    -1.48176   0.29134     2728     1201     
 76.754  340     7307     -1.77235   -1.48219   0.290158    2782     1208     
 77.195  342     7350     -1.77021   -1.48224   0.287971    2825     1211     
 78.42   344     7400     -1.76979   -1.48234   0.287445    2875     1219     
 80.548  346     7455     -1.76979   -1.48297   0.286818    2849     1236     
 81.649  348     7509     -1.76974   -1.48302   0.286724    2903     1242     
 82.702  350     7563     -1.76933   -1.48354   0.285795    2957     1250     
 83.247  351     7600     -1.76875   -1.48354   0.285207    2994     1254     
 84.351  353     7650     -1.76818   -1.48386   0.284319    3044     1261     
 85.147  355     7701     -1.76737   -1.48452   0.282852    3095     1265     
 86.581  357     7750     -1.76737   -1.48473   0.282635    3091     1270     
 87.47   359     7800     -1.76721   -1.48476   0.282443    3141     1274     
 88.326  361     7850     -1.76721   -1.48483   0.282375    3191     1279     
 89.203  363     7900     -1.76721   -1.4849    0.282308    3241     1282     
 90.039  365     7950     -1.76679   -1.48506   0.281727    3291     1287     
 90.79   367     8000     -1.76618   -1.48528   0.280898    3341     1292     
 92.438  369     8050     -1.7655    -1.48569   0.279812    3262     1296     
 93.417  371     8101     -1.76537   -1.48586   0.279512    3313     1303     
 94.5    373     8153     -1.76507   -1.48609   0.278978    3365     1308     
 95.159  375     8200     -1.76507   -1.48624   0.278827    3412     1311     
 95.789  377     8250     -1.76505   -1.48628   0.278771    3462     1314     
 97.07   379     8303     -1.76404   -1.48659   0.277455    3515     1320     
 98.022  381     8357     -1.76387   -1.48667   0.277203    3569     1325     
 100.023 382     8400     -1.76387   -1.48677   0.277097    3512     1334     
 101.061 384     8450     -1.76366   -1.48689   0.276772    3562     1336     
 101.823 386     8500     -1.76365   -1.48691   0.276743    3612     1340     
 103.012 388     8550     -1.76326   -1.48769   0.275578    3662     1348     
 104.051 390     8600     -1.76312   -1.48793   0.275195    3712     1352     
 105.575 392     8655     -1.76307   -1.48826   0.274815    3767     1364     
 107.411 394     8705     -1.76307   -1.48887   0.274202    3817     1372     
 109.751 396     8759     -1.76307   -1.48926   0.27381     3771     1381     
 110.551 398     8807     -1.76295   -1.4894    0.273555    3819     1384     
 111.891 400     8857     -1.76288   -1.48969   0.273193    3869     1390     
 112.869 402     8900     -1.76288   -1.49008   0.272798    3912     1397     
 122.726 404     8950     -1.76262   -1.49016   0.272461    3371     1403     
 123.729 406     9000     -1.76261   -1.49027   0.272344    3421     1407     
 124.553 408     9050     -1.76257   -1.49047   0.272102    3471     1411     
 125.234 410     9100     -1.76255   -1.49064   0.271904    3521     1414     
 126.498 412     9150     -1.76254   -1.49072   0.271816    3571     1419     
 127.832 414     9203     -1.76247   -1.49078   0.27169     3624     1427     
 128.758 416     9250     -1.76247   -1.49147   0.270997    3671     1432     
 131.007 418     9300     -1.76241   -1.4915    0.270906    3611     1438     
 131.882 420     9350     -1.76241   -1.49158   0.270832    3661     1442     
 132.714 422     9403     -1.76241   -1.49499   0.267419    3714     1445     
 134.741 425     9465     -1.76241   -1.49833   0.264078    3776     1457     
 136.02  427     9507     -1.76241   -1.50233   0.26008     3818     1466     
 137.885 429     9551     -1.76241   -1.50515   0.257264    3862     1479     
 138.996 432     9600     -1.76241   -1.50682   0.25559     3911     1485     
 140.208 435     9650     -1.76241   -1.50917   0.253242    3961     1492     
 142.316 437     9711     -1.76233   -1.51004   0.252297    3868     1499     
 143.641 438     9750     -1.76232   -1.51024   0.252076    3907     1507     
 145.173 440     9800     -1.76232   -1.51075   0.251569    3957     1513     
 146.534 442     9850     -1.76198   -1.51115   0.250835    4007     1521     
 148.249 445     9909     -1.76196   -1.51213   0.249838    4066     1527     
 149.141 446     9950     -1.76189   -1.51264   0.249251    4107     1533     
 149.997 448     10000    -1.76189   -1.51272   0.249163    4157     1536     
 152.387 450     10050    -1.76189   -1.51298   0.248908    4074     1541     
 153.542 452     10100    -1.76189   -1.51312   0.248765    4124     1547     
 154.911 454     10150    -1.76178   -1.51367   0.248118    4174     1556     
 156.386 457     10203    -1.76178   -1.51394   0.24784     4227     1562     
 157.447 459     10257    -1.76175   -1.51421   0.24754     4281     1567     
 158.67  461     10300    -1.76172   -1.51423   0.247496    4324     1574     
 160.052 462     10350    -1.76138   -1.51428   0.247095    4374     1581     
 161.412 464     10400    -1.76138   -1.51461   0.246772    4424     1585     
 164.888 466     10459    -1.76138   -1.51506   0.246323    4336     1599     
 166.166 468     10500    -1.76138   -1.51508   0.246303    4377     1606     
 167.882 470     10559    -1.76138   -1.51539   0.24599     4436     1611     
 169.308 472     10611    -1.76138   -1.51555   0.245823    4488     1618     
 170.195 473     10650    -1.76135   -1.51562   0.245729    4527     1622     
 171.818 476     10705    -1.76116   -1.51615   0.245002    4582     1627     
 173.153 478     10763    -1.76112   -1.51623   0.244893    4640     1633     
 173.966 479     10800    -1.76112   -1.5163    0.244817    4677     1636     
 175.373 481     10850    -1.76111   -1.51649   0.24462     4727     1643     
 178.997 483     10900    -1.76111   -1.51677   0.244343    4650     1652     
 180.04  485     10951    -1.76111   -1.51711   0.244004    4701     1656     
 181.341 487     11005    -1.76111   -1.51715   0.24396     4755     1662     
 183.037 489     11057    -1.7611    -1.51741   0.243693    4807     1668     
 184.33  491     11111    -1.7611    -1.51746   0.24364     4861     1673     
 185.288 492     11150    -1.7611    -1.51749   0.243608    4900     1678     
 186.565 494     11200    -1.76106   -1.51779   0.243264    4950     1682     
 188.371 496     11250    -1.76102   -1.51835   0.242671    5000     1688     
 189.287 498     11300    -1.76101   -1.51838   0.242628    5050     1690     
 190.805 500     11351    -1.76097   -1.51844   0.242537    5101     1697     
 194.158 502     11403    -1.76097   -1.51852   0.242445    5007     1701     
 195.562 504     11459    -1.76097   -1.51855   0.242414    5063     1707     
 196.582 506     11500    -1.76097   -1.51856   0.242402    5104     1711     
 197.514 507     11550    -1.76097   -1.51866   0.242311    5154     1713     
 199.046 509     11600    -1.76097   -1.51871   0.242257    5204     1717     
 200.536 511     11650    -1.76097   -1.51886   0.242107    5254     1723     
 217.852 513     11700    -1.76095   -1.51908   0.241876    5012     1732     
 219.793 515     11757    -1.7609    -1.51926   0.241639    5069     1739     
 220.933 517     11811    -1.76088   -1.51934   0.241544    5123     1742     
 221.763 518     11850    -1.76088   -1.51935   0.241527    5162     1745     
 223.316 520     11900    -1.76051   -1.51966   0.24085     5212     1750     
 225.269 522     11950    -1.76051   -1.51977   0.24074     5262     1757     
 226.481 524     12000    -1.76051   -1.51985   0.24066     5312     1760     
 227.786 526     12050    -1.7605    -1.51989   0.240612    5362     1764     
 230.228 528     12103    -1.76036   -1.52092   0.239439    5415     1775     
 232.514 530     12165    -1.76036   -1.52135   0.239007    5477     1785     
 233.259 531     12200    -1.76036   -1.52139   0.238972    5512     1787     
 236.732 533     12250    -1.76036   -1.52144   0.238922    5397     1796     
 238.208 535     12300    -1.76021   -1.52154   0.238665    5447     1798     
 239.737 538     12359    -1.76021   -1.52197   0.238236    5506     1803     
 241.025 540     12411    -1.7602    -1.52204   0.238166    5558     1806     
 242.445 541     12450    -1.7602    -1.52211   0.238089    5597     1813     
 244.388 543     12500    -1.7602    -1.52227   0.237927    5647     1819     
 245.604 545     12550    -1.76018   -1.52239   0.237793    5697     1823     
 247.354 547     12600    -1.76007   -1.52272   0.237356    5747     1830     
 248.493 549     12651    -1.76007   -1.52274   0.237335    5798     1833     
 250.338 551     12705    -1.76007   -1.52278   0.237288    5852     1837     
 254.209 553     12761    -1.76006   -1.52282   0.237234    5722     1841     
 255.542 554     12800    -1.76004   -1.52284   0.237209    5761     1847     
 257.77  556     12850    -1.76002   -1.52317   0.236857    5811     1852     
 258.966 559     12900    -1.75998   -1.52351   0.23647     5861     1855     
 261.669 561     12955    -1.75998   -1.52391   0.23607     5916     1864     
 263.272 563     13007    -1.75998   -1.52402   0.235962    5968     1870     
 265.37  564     13050    -1.75998   -1.52407   0.235914    6011     1879     
 266.424 566     13100    -1.75998   -1.52463   0.235354    6061     1883     
 268.406 569     13150    -1.75998   -1.52581   0.23417     6111     1890     
 270.771 572     13211    -1.75998   -1.52883   0.231156    6172     1900     
 273.235 574     13250    -1.75998   -1.52912   0.230864    6211     1909     
 274.647 576     13300    -1.75998   -1.52957   0.230416    6261     1912     
 278.747 578     13350    -1.75994   -1.52996   0.229981    6058     1916     
 280.667 580     13401    -1.75992   -1.52997   0.229954    6109     1922     
 282.636 582     13451    -1.75992   -1.53      0.229921    6159     1926     
 283.868 584     13500    -1.75992   -1.53025   0.229672    6208     1928     
 286.159 586     13553    -1.75982   -1.53069   0.22913     6261     1936     
 287.376 588     13600    -1.75982   -1.53076   0.229055    6308     1942     
 289.474 590     13650    -1.75982   -1.53099   0.228825    6358     1948     
 291.76  592     13703    -1.75981   -1.5311    0.22871     6411     1956     
 293.311 594     13750    -1.75978   -1.53111   0.228669    6458     1960     
 295.141 596     13803    -1.75972   -1.53123   0.228497    6511     1966     
 297.687 598     13859    -1.75972   -1.5313    0.228421    6567     1974     
 300.583 600     13900    -1.75972   -1.53139   0.228332    6608     1983     
 304.748 601     13950    -1.75972   -1.53154   0.228182    6452     1987     
 306.619 603     14000    -1.75972   -1.53159   0.228127    6502     1993     
 308.89  605     14051    -1.75971   -1.53167   0.228039    6553     1998     
 310.149 607     14100    -1.7597    -1.53176   0.227937    6602     2001     
 312.509 609     14155    -1.75963   -1.53179   0.227835    6657     2008     
 314.587 611     14213    -1.75962   -1.53183   0.227798    6715     2015     
 316.316 612     14250    -1.75962   -1.53188   0.227739    6752     2020     
 317.976 614     14300    -1.75956   -1.53217   0.227386    6802     2024     
 319.951 616     14355    -1.75955   -1.53239   0.227159    6857     2031     
 321.433 618     14400    -1.75955   -1.53241   0.227143    6902     2037     
 323.839 620     14457    -1.75954   -1.53242   0.227128    6959     2042     
 325.782 622     14513    -1.75954   -1.53244   0.227107    7015     2047     
 326.78  623     14550    -1.75954   -1.53245   0.227092    7052     2049     
 331.492 625     14600    -1.75954   -1.53249   0.227052    6921     2054     
 333.642 627     14653    -1.75954   -1.53267   0.22687     6974     2062     
 335.763 629     14707    -1.75954   -1.53276   0.226775    7028     2066     
 336.867 630     14750    -1.75728   -1.53299   0.224287    7071     2069     
 339.019 633     14800    -1.75728   -1.53637   0.220911    7121     2081     
 340.314 637     14850    -1.75728   -1.54504   0.212232    7171     2082     
 342.4   640     14900    -1.75728   -1.54691   0.210369    7221     2087     
 344.825 643     14955    -1.75728   -1.54919   0.208086    7276     2094     
 346.789 645     15001    -1.75728   -1.54948   0.207798    7322     2100     
 348.223 647     15050    -1.75719   -1.54983   0.207361    7371     2104     
 350.137 650     15100    -1.75712   -1.55024   0.206874    7421     2109     
 353.268 652     15150    -1.75701   -1.55058   0.206427    7471     2121     
 356.771 655     15209    -1.75696   -1.5512    0.205754    7530     2131     
 391.661 656     15250    -1.75696   -1.5514    0.205559    7155     2137     
 393.59  658     15300    -1.75691   -1.55145   0.205465    7205     2142     
 396.088 660     15353    -1.75691   -1.55153   0.20538     7258     2147     
 397.832 662     15403    -1.75679   -1.55221   0.204584    7308     2152     
 400.467 664     15459    -1.75679   -1.55226   0.204533    7364     2161     
 401.987 665     15500    -1.75679   -1.5523    0.204498    7405     2167     
 405.032 667     15550    -1.75667   -1.55312   0.203549    7455     2174     
 408.279 669     15607    -1.75667   -1.55327   0.203401    7512     2184     
 410.659 671     15661    -1.75664   -1.55352   0.203115    7566     2191     
 412.004 673     15705    -1.75664   -1.55383   0.20281     7610     2195     
 414.042 675     15763    -1.75664   -1.55383   0.202804    7668     2200     
 416.311 676     15800    -1.75664   -1.55384   0.202794    7705     2205     
 418.762 678     15850    -1.75655   -1.55413   0.202426    7755     2213     
 422.266 680     15911    -1.75655   -1.55417   0.202379    7816     2226     
 424.084 682     15959    -1.75651   -1.55481   0.201692    7864     2230     
 430.297 683     16000    -1.75646   -1.5551    0.201358    7559     2236     
 432.999 685     16050    -1.75646   -1.55515   0.201308    7609     2242     
 436.483 687     16107    -1.75646   -1.55537   0.20109     7666     2255     
 438.176 689     16150    -1.75646   -1.55551   0.200955    7709     2260     
 440.499 691     16203    -1.75644   -1.55585   0.200584    7762     2267     
 443.181 693     16253    -1.7564    -1.55593   0.200479    7812     2272     
 445.012 695     16300    -1.7564    -1.55668   0.199721    7859     2275     
 447.901 697     16357    -1.75631   -1.55743   0.198882    7916     2284     
 449.574 698     16400    -1.75631   -1.55744   0.198873    7959     2289     
 451.228 700     16450    -1.7563    -1.55757   0.198734    8009     2291     
 453.324 702     16500    -1.7563    -1.55758   0.198726    8059     2293     
 455.831 704     16553    -1.75626   -1.55761   0.198644    8112     2300     
 457.849 706     16609    -1.75625   -1.55762   0.19863     8168     2306     
 459.574 708     16650    -1.75625   -1.55766   0.198591    8209     2312     
 461.794 709     16700    -1.75625   -1.55771   0.198539    8259     2314     
 468.175 711     16750    -1.75624   -1.55791   0.198328    7978     2319     
 470.613 713     16800    -1.75624   -1.55845   0.197787    8028     2326     
 472.469 715     16853    -1.75624   -1.55846   0.197772    8081     2330     
 473.962 717     16901    -1.75624   -1.55856   0.197675    8129     2333     
 476.435 719     16955    -1.75623   -1.55862   0.19761     8183     2337     
 478.8   721     17011    -1.75623   -1.55876   0.197475    8239     2343     
 480.357 722     17050    -1.75623   -1.5588    0.197433    8278     2346     
 482.924 724     17100    -1.75623   -1.55888   0.197349    8328     2354     
 484.702 726     17150    -1.75623   -1.55894   0.197288    8378     2360     
 487.562 728     17200    -1.75617   -1.55905   0.197118    8428     2365     
 489.134 730     17250    -1.75617   -1.55905   0.197114    8478     2367     
 490.997 732     17300    -1.75617   -1.55906   0.197105    8528     2372     
 493.671 734     17355    -1.75617   -1.5591    0.197069    8583     2379     
 496.339 736     17409    -1.75616   -1.55914   0.197025    8637     2382     
 498.083 737     17450    -1.75616   -1.55921   0.196956    8678     2387     
 500.437 739     17500    -1.75616   -1.55923   0.196936    8728     2392     
 508.591 741     17555    -1.75616   -1.55927   0.196889    8355     2403     
 510.914 743     17611    -1.75616   -1.55935   0.196808    8411     2409     
 513.116 744     17650    -1.75616   -1.55941   0.196752    8450     2411     
 516.471 746     17700    -1.75604   -1.55952   0.196523    8500     2418     
 519.306 748     17751    -1.75604   -1.56      0.196041    8551     2426     
 522.007 750     17809    -1.75601   -1.56012   0.195888    8609     2434     
 524.054 752     17857    -1.75601   -1.56023   0.195781    8657     2438     
 526.816 754     17900    -1.75601   -1.56023   0.195779    8700     2443     
 529.027 755     17950    -1.75595   -1.56036   0.195591    8750     2450     
 531.431 757     18000    -1.75594   -1.5604    0.195538    8800     2455     
 533.283 759     18051    -1.75594   -1.56045   0.195492    8851     2458     
 535.766 761     18105    -1.75594   -1.5606    0.195336    8905     2463     
 539.24  763     18163    -1.75594   -1.5606    0.19533     8963     2468     
 541.185 764     18200    -1.75594   -1.56061   0.19533     9000     2472     
 543.751 766     18250    -1.75594   -1.56063   0.195301    9050     2478     
 546.571 768     18300    -1.75592   -1.56119   0.19473     9100     2485     
 548.684 770     18350    -1.75592   -1.56163   0.19429     9150     2489     
 556.665 772     18403    -1.75592   -1.56164   0.19428     8807     2493     
 558.527 774     18459    -1.75592   -1.56166   0.194264    8863     2495     
 560.283 775     18500    -1.75592   -1.56166   0.194262    8904     2502     
 562.237 777     18550    -1.75582   -1.56187   0.193945    8954     2505     
 564.918 779     18601    -1.75581   -1.56201   0.193806    9005     2512     
 568.192 781     18655    -1.75579   -1.56214   0.193649    9059     2516     
 570.603 783     18711    -1.75579   -1.56227   0.193514    9115     2520     
 572.136 784     18750    -1.75579   -1.5623    0.193485    9154     2523     
 574.299 786     18800    -1.75579   -1.56232   0.193466    9204     2528     
 576.725 788     18853    -1.75579   -1.56233   0.193454    9257     2534     
 578.706 790     18905    -1.75579   -1.56234   0.193446    9309     2536     
 582.438 792     18963    -1.75579   -1.56236   0.193423    9367     2544     
 583.729 793     19000    -1.75579   -1.56236   0.193423    9404     2546     
 585.723 795     19050    -1.75578   -1.56237   0.193415    9454     2548     
 588.073 797     19100    -1.75576   -1.56249   0.193267    9504     2553     
 590.513 799     19153    -1.75575   -1.56251   0.193241    9557     2560     
 594.098 801     19213    -1.75575   -1.56252   0.193232    9617     2565     
 601.473 802     19250    -1.75575   -1.56253   0.193224    9353     2570     
 603.538 804     19300    -1.75575   -1.5626    0.193151    9403     2573     
 606.486 806     19355    -1.75575   -1.56261   0.193141    9458     2581     
 608.75  808     19409    -1.75575   -1.56263   0.193118    9512     2584     
 612.005 810     19453    -1.75571   -1.56284   0.192876    9556     2589     
 615.213 812     19515    -1.7557    -1.56288   0.192824    9618     2595     
 616.905 813     19550    -1.7557    -1.56288   0.192819    9653     2599     
 618.856 815     19600    -1.7557    -1.56291   0.192789    9703     2601     
 621.737 817     19650    -1.75566   -1.56314   0.192522    9753     2609     
 626.212 819     19700    -1.75566   -1.56401   0.191647    9803     2621     
 628.404 821     19750    -1.75566   -1.56412   0.191537    9853     2622     
 630.126 823     19800    -1.75566   -1.56414   0.19152     9903     2624     
 632.12  825     19850    -1.75566   -1.56422   0.191436    9953     2628     
 634.874 827     19903    -1.75566   -1.56424   0.19142     10006    2633     
 637.184 829     19957    -1.75566   -1.56424   0.191415    10060    2637     
 640.37  831     20000    -1.75566   -1.56427   0.191392    10103    2642     
 642.217 832     20050    -1.75566   -1.5644    0.191264    10153    2645     
 644.56  834     20100    -1.75565   -1.56452   0.191131    10203    2649     
 697.612 836     20150    -1.75565   -1.56454   0.191103    9783     2657     
 699.901 838     20201    -1.75561   -1.56458   0.191027    9834     2662     
 703.397 840     20259    -1.75561   -1.56459   0.191015    9892     2666     
 705.556 842     20300    -1.75561   -1.56462   0.190983    9933     2672     
 707.882 843     20350    -1.7556    -1.56486   0.190744    9983     2675     
 710.777 845     20403    -1.7556    -1.56494   0.190664    10036    2680     
 712.446 847     20450    -1.7556    -1.56495   0.19065     10083    2681     
 716.126 849     20501    -1.7556    -1.56496   0.19064     10134    2686     
 718.234 851     20555    -1.7556    -1.56497   0.190632    10188    2689     
 720.874 853     20611    -1.75559   -1.565     0.190591    10244    2693     
 722.791 854     20650    -1.75559   -1.56502   0.190577    10283    2696     
 725.155 856     20700    -1.75559   -1.56507   0.190519    10333    2700     
 728.015 858     20755    -1.75559   -1.5651    0.190492    10388    2706     
 731.768 860     20813    -1.75559   -1.56517   0.190415    10446    2711     
 733.631 861     20850    -1.75555   -1.56551   0.190035    10483    2714     
 736.881 863     20901    -1.75555   -1.56553   0.190016    10534    2721     
 740.42  865     20959    -1.75555   -1.56557   0.189978    10592    2728     
 742.386 867     21000    -1.75555   -1.56558   0.189969    10633    2732     
 744.237 868     21050    -1.75555   -1.56561   0.18994     10683    2735     
 748.861 870     21103    -1.75552   -1.56575   0.189771    10736    2743     
 758.347 873     21159    -1.75551   -1.56601   0.1895      10356    2747     
 760.368 875     21207    -1.75551   -1.56603   0.189478    10404    2750     
 762.521 877     21250    -1.75551   -1.56607   0.189438    10447    2753     
 764.593 878     21300    -1.75542   -1.56611   0.189305    10497    2754     
 768.014 880     21350    -1.75542   -1.56611   0.189302    10547    2758     
 771.596 882     21407    -1.75542   -1.56613   0.189284    10604    2765     
 774.301 883     21450    -1.75542   -1.56615   0.189266    10647    2772     
 776.931 885     21500    -1.75541   -1.56625   0.18916     10697    2777     
 780.231 887     21551    -1.75537   -1.56635   0.189024    10748    2782     
 784.255 889     21607    -1.75537   -1.56638   0.188994    10804    2790     
 788.148 891     21651    -1.75535   -1.56652   0.188838    10848    2797     
 790.604 893     21711    -1.75535   -1.56685   0.188498    10908    2800     
 793.452 894     21750    -1.75535   -1.56702   0.188332    10947    2807     
 798.34  897     21809    -1.75535   -1.56845   0.186898    11006    2817     
 800.624 900     21851    -1.75535   -1.56937   0.185985    11048    2824     
 803.287 902     21903    -1.75535   -1.56963   0.18572     11100    2829     
 806.961 904     21955    -1.75534   -1.56978   0.185562    11152    2833     
 809.565 906     22011    -1.75534   -1.56987   0.185475    11208    2837     
 811.811 908     22061    -1.75534   -1.56989   0.185455    11258    2840     
 813.903 909     22100    -1.75534   -1.57      0.185344    11297    2845     
 816.579 911     22150    -1.75531   -1.57018   0.185131    11347    2848     
 827.442 913     22200    -1.75531   -1.5702    0.185115    11005    2854     
 831.801 915     22257    -1.75528   -1.57021   0.185076    11062    2859     
 834.232 917     22311    -1.75528   -1.57027   0.185008    11116    2861     
 836.042 918     22350    -1.75528   -1.57028   0.185003    11155    2863     
 838.101 920     22400    -1.75528   -1.57028   0.185001    11205    2864     
 842.03  922     22450    -1.75524   -1.5703    0.184935    11255    2871     
 847.421 924     22505    -1.75524   -1.57067   0.184567    11310    2884     
 852.394 926     22563    -1.75523   -1.57086   0.184377    11368    2890     
 855.436 927     22600    -1.75523   -1.57104   0.184196    11405    2899     
 858.691 929     22650    -1.75523   -1.57106   0.184174    11455    2903     
 861.416 931     22705    -1.75523   -1.57107   0.184165    11510    2907     
 864.443 933     22763    -1.75523   -1.57109   0.184145    11568    2912     
 866.391 934     22800    -1.75523   -1.57109   0.18414     11605    2915     
 870.361 936     22851    -1.75523   -1.57113   0.184093    11656    2919     
 873.513 938     22907    -1.75521   -1.57132   0.183892    11712    2923     
 875.739 939     22950    -1.75521   -1.57132   0.183889    11755    2927     
 878.551 941     23000    -1.75521   -1.57135   0.183858    11805    2931     
 882.193 943     23055    -1.75521   -1.57135   0.183853    11860    2938     
 885.296 945     23111    -1.75521   -1.57137   0.183838    11916    2942     
 888.3   946     23150    -1.75521   -1.57145   0.183761    11955    2943     
 890.746 948     23200    -1.75521   -1.57153   0.18368     12005    2947     
 893.937 950     23255    -1.75521   -1.57153   0.183676    12060    2953     
 905.847 952     23313    -1.75521   -1.57155   0.183651    11723    2958     
 908.02  953     23350    -1.75521   -1.57156   0.183647    11760    2961     
 910.934 955     23400    -1.7552    -1.5726    0.182601    11810    2966     
 915.838 958     23463    -1.7552    -1.57277   0.182439    11873    2973     
 917.899 959     23500    -1.7552    -1.57277   0.182438    11910    2977     
 920.042 961     23550    -1.7552    -1.57277   0.182434    11960    2978     
 922.096 963     23600    -1.7552    -1.57278   0.182423    12010    2979     
 924.992 965     23655    -1.7552    -1.57281   0.182395    12065    2983     
 928.649 967     23715    -1.7552    -1.57283   0.182369    12125    2990     
 932.004 968     23750    -1.7552    -1.57284   0.18236     12160    2994     
 935.329 970     23800    -1.7552    -1.57288   0.182318    12210    2999     
 938.067 972     23853    -1.7552    -1.5729    0.182301    12263    3004     
 941.554 974     23913    -1.75439   -1.5737    0.180688    12323    3008     
 944.205 976     23951    -1.75439   -1.57393   0.180456    12361    3011     
 950.202 978     24007    -1.75439   -1.57478   0.179611    12417    3021     
 956.2   980     24059    -1.75439   -1.57603   0.17836     12469    3034     
 958.928 981     24100    -1.75439   -1.57623   0.17816     12510    3039     
 963.3   983     24150    -1.75433   -1.57637   0.177965    12560    3046     
 966.257 986     24207    -1.7543    -1.57648   0.177827    12617    3051     
 970.206 987     24250    -1.7543    -1.57649   0.177817    12660    3062     
 973.866 989     24300    -1.75429   -1.57677   0.177512    12710    3066     
 979.266 991     24357    -1.75425   -1.57679   0.177468    12767    3073     
 983.201 993     24413    -1.75425   -1.5769    0.177358    12823    3080     
 985.406 994     24450    -1.75424   -1.57706   0.177182    12860    3083     
 1000.47 996     24503    -1.75424   -1.57707   0.177165    12499    3096     
 1004.75 998     24561    -1.75423   -1.57713   0.177098    12557    3105     
 1006.92 999     24600    -1.75423   -1.57714   0.177091    12596    3110     
 1010.86 1002    24661    -1.75421   -1.57738   0.176829    12657    3116     
 1014.31 1003    24700    -1.75421   -1.57739   0.176826    12696    3119     
 1017.52 1005    24750    -1.75421   -1.57744   0.176774    12746    3124     
 1021.25 1007    24800    -1.7542    -1.57795   0.176248    12796    3130     
 1025.98 1009    24851    -1.7542    -1.57808   0.176117    12847    3138     
 1028.76 1011    24905    -1.7542    -1.57809   0.176102    12901    3142     
 1031.83 1013    24963    -1.75419   -1.5781    0.176085    12959    3147     
 1035.29 1015    25009    -1.75419   -1.57812   0.176068    13005    3148     
 1038.53 1016    25050    -1.75418   -1.57822   0.175968    13046    3154     
 1041.67 1018    25100    -1.75417   -1.57839   0.175785    13096    3158     
 1046.79 1020    25155    -1.75417   -1.57844   0.175732    13151    3168     
 1050.53 1022    25213    -1.75416   -1.57859   0.175575    13209    3173     
 1052.5  1023    25250    -1.75416   -1.57859   0.175574    13246    3176     
 1056.13 1025    25301    -1.75414   -1.57909   0.175053    13297    3182     
 1063.87 1027    25363    -1.75414   -1.57921   0.174933    13359    3194     
 1065.78 1028    25400    -1.75414   -1.57922   0.174922    13396    3196     
 1070.02 1030    25455    -1.75414   -1.57922   0.174913    13451    3204     
 1073.03 1032    25509    -1.75414   -1.57924   0.174899    13505    3206     
 1075.91 1033    25550    -1.75413   -1.57924   0.174891    13546    3210     
 1078.33 1035    25600    -1.75413   -1.57925   0.174887    13596    3213     
 1083.18 1037    25650    -1.75413   -1.57926   0.17487     13646    3217     
 1097.64 1039    25703    -1.75413   -1.57929   0.174845    13294    3219     
 1100.77 1041    25761    -1.75413   -1.5793    0.174834    13352    3224     
 1103.21 1043    25811    -1.75413   -1.57939   0.174741    13402    3227     
 1105.32 1045    25850    -1.75413   -1.57961   0.174521    13441    3231     
 1108.29 1048    25900    -1.75413   -1.5797    0.17443     13491    3237     
 1110.69 1049    25950    -1.75413   -1.5797    0.174427    13541    3239     
 1115.65 1051    26003    -1.75413   -1.57971   0.174414    13594    3244     
 1118.59 1053    26059    -1.75413   -1.57972   0.174408    13650    3246     
 1121.01 1054    26100    -1.75413   -1.57973   0.1744      13691    3250     
 1123.63 1056    26150    -1.75413   -1.57976   0.174369    13741    3252     
 1127.34 1058    26201    -1.75413   -1.57978   0.174349    13792    3260     
 1131.24 1060    26259    -1.75412   -1.5798    0.174327    13850    3266     
 1135.15 1061    26300    -1.75412   -1.5798    0.174323    13891    3270     
 1139.06 1063    26350    -1.75412   -1.57984   0.174285    13941    3277     
 1142.46 1065    26400    -1.75412   -1.5799    0.174219    13991    3283     
 1239.16 1067    26450    -1.7541    -1.58002   0.174079    13719    3285     
-------------------------------------------------------------------------------

SARSOP finishing ...
  Preset timeout reached
  Timeout     : 1200.000000s
  Actual Time : 1239.159000s

-------------------------------------------------------------------------------
 Time   |#Trial |#Backup |LBound    |UBound    |Precision  |#Alphas |#Beliefs  
-------------------------------------------------------------------------------
 1252.36 1067    26450    -1.7541    -1.58002   0.174079    13719    3285     
-------------------------------------------------------------------------------

Writing out policy ...
  output file : policy.out

Generating a pomdpx file: model.pomdpx
